{
    "animation": [
        {
            "name": "Root",
            "time": [0.0, 0.1, 0.1333, 0.1667, 0.2, 0.2333, 0.2667, 0.3, 0.3333, 0.3667, 0.4, 0.4333, 0.4667, 0.5, 0.5333, 0.5667, 0.6, 0.6333, 0.6667, 0.7, 0.7333, 0.7667, 0.8, 0.8333, 0.8667, 0.9, 0.9333, 0.9667, 1.0, 1.0333, 1.0667, 1.1, 1.1333, 1.1667, 1.2, 1.2333, 1.2667, 1.3, 1.3333, 1.3667, 1.4, 1.5667, 1.6667],
            "transform": [
                [1.0, 0.0, 0.0, -0.023787, 0.0, -0.0, -1.0, 0.044379, 0.0, 1.0, -0.0, 0.258307, 0.0, 0.0, 0.0, 1.0],
                [1.0, 0.0, 0.0, -0.011322, 0.0, -0.0, -1.0, 2.264523, 0.0, 1.0, -0.0, 0.263393, 0.0, 0.0, 0.0, 1.0],
                [1.0, 0.0, 0.0, 0.0007, 0.0, -0.0, -1.0, 2.594128, 0.0, 1.0, -0.0, 0.263393, 0.0, 0.0, 0.0, 1.0],
                [1.0, 0.0, 0.0, 0.011267, 0.0, -0.0, -1.0, 2.927824, 0.0, 1.0, -0.0, 0.263393, 0.0, 0.0, 0.0, 1.0],
                [1.0, 0.0, 0.0, 0.035764, 0.0, -0.0, -1.0, 3.545069, 0.0, 1.0, -0.0, 0.263393, 0.0, 0.0, 0.0, 1.0],
                [1.0, 0.0, 0.0, 0.06175, 0.0, -0.0, -1.0, 4.133473, 0.0, 1.0, -0.0, 0.263393, 0.0, 0.0, 0.0, 1.0],
                [1.0, 0.0, 0.0, 0.073005, 0.0, -0.0, -1.0, 4.4193, 0.0, 1.0, -0.0, 0.263393, 0.0, 0.0, 0.0, 1.0],
                [1.0, 0.0, 0.0, 0.081527, 0.0, -0.0, -1.0, 4.701918, 0.0, 1.0, -0.0, 0.263393, 0.0, 0.0, 0.0, 1.0],
                [1.0, 0.0, 0.0, 0.087011, 0.0, -0.0, -1.0, 5.258098, 0.0, 1.0, -0.0, 0.263393, 0.0, 0.0, 0.0, 1.0],
                [1.0, 0.0, 0.0, 0.081033, 0.0, -0.0, -1.0, 5.80942, 0.0, 1.0, -0.0, 0.263394, 0.0, 0.0, 0.0, 1.0],
                [1.0, 0.0, 0.0, 0.074883, 0.0, -0.0, -1.0, 6.08403, 0.0, 1.0, -0.0, 0.263394, 0.0, 0.0, 0.0, 1.0],
                [1.0, 0.0, 0.0, 0.062276, 0.0, -0.0, -1.0, 6.533056, 0.0, 1.0, -0.0, 0.263394, 0.0, 0.0, 0.0, 1.0],
                [1.0, 0.0, 0.0, 0.046929, 0.0, -0.0, -1.0, 6.991084, 0.0, 1.0, -0.0, 0.263394, 0.0, 0.0, 0.0, 1.0],
                [1.0, 0.0, 0.0, 0.040315, 0.0, -0.0, -1.0, 7.089296, 0.0, 1.0, -0.0, 0.263394, 0.0, 0.0, 0.0, 1.0],
                [1.0, 0.0, 0.0, 0.035817, 0.0, -0.0, -1.0, 7.133445, 0.0, 1.0, -0.0, 0.263394, 0.0, 0.0, 0.0, 1.0],
                [1.0, 0.0, 0.0, 0.02967, 0.0, -0.0, -1.0, 7.173372, 0.0, 1.0, -0.0, 0.227499, 0.0, 0.0, 0.0, 1.0],
                [1.0, 0.0, 0.0, 0.026436, 0.0, -0.0, -1.0, 7.201811, 0.0, 1.0, -0.0, 0.229493, 0.0, 0.0, 0.0, 1.0],
                [1.0, 0.0, 0.0, 0.025636, 0.0, -0.0, -1.0, 7.204962, 0.0, 1.0, -0.0, 0.251683, 0.0, 0.0, 0.0, 1.0],
                [1.0, 0.0, 0.0, 0.025138, 0.0, -0.0, -1.0, 7.198831, 0.0, 1.0, -0.0, 0.251683, 0.0, 0.0, 0.0, 1.0],
                [1.0, 0.0, 0.0, 0.024953, 0.0, -0.0, -1.0, 7.192495, 0.0, 1.0, -0.0, 0.251683, 0.0, 0.0, 0.0, 1.0],
                [1.0, 0.0, 0.0, 0.024985, 0.0, -0.0, -1.0, 7.189399, 0.0, 1.0, -0.0, 0.251683, 0.0, 0.0, 0.0, 1.0],
                [1.0, 0.0, 0.0, 0.025001, 0.0, -0.0, -1.0, 7.188368, 0.0, 1.0, -0.0, 0.251683, 0.0, 0.0, 0.0, 1.0],
                [1.0, 0.0, 0.0, 0.025262, 0.0, -0.0, -1.0, 7.18696, 0.0, 1.0, -0.0, 0.251683, 0.0, 0.0, 0.0, 1.0],
                [1.0, 0.0, 0.0, 0.025669, 0.0, -0.0, -1.0, 7.185649, 0.0, 1.0, -0.0, 0.251683, 0.0, 0.0, 0.0, 1.0],
                [1.0, 0.0, 0.0, 0.026014, 0.0, -0.0, -1.0, 7.184872, 0.0, 1.0, -0.0, 0.251683, 0.0, 0.0, 0.0, 1.0],
                [1.0, 0.0, 0.0, 0.02628, 0.0, -0.0, -1.0, 7.18429, 0.0, 1.0, -0.0, 0.251683, 0.0, 0.0, 0.0, 1.0],
                [1.0, 0.0, 0.0, 0.026561, 0.0, -0.0, -1.0, 7.184456, 0.0, 1.0, -0.0, 0.251683, 0.0, 0.0, 0.0, 1.0],
                [1.0, 0.0, 0.0, 0.028602, 0.0, -0.0, -1.0, 7.185859, 0.0, 1.0, -0.0, 0.251683, 0.0, 0.0, 0.0, 1.0],
                [1.0, 0.0, 0.0, 0.031626, 0.0, -0.0, -1.0, 7.191381, 0.0, 1.0, -0.0, 0.251683, 0.0, 0.0, 0.0, 1.0],
                [1.0, 0.0, 0.0, 0.032122, 0.0, -0.0, -1.0, 7.196201, 0.0, 1.0, -0.0, 0.251683, 0.0, 0.0, 0.0, 1.0],
                [1.0, 0.0, 0.0, 0.032544, 0.0, -0.0, -1.0, 7.204604, 0.0, 1.0, -0.0, 0.251683, 0.0, 0.0, 0.0, 1.0],
                [1.0, 0.0, 0.0, 0.031208, 0.0, -0.0, -1.0, 7.209824, 0.0, 1.0, -0.0, 0.251683, 0.0, 0.0, 0.0, 1.0],
                [1.0, 0.0, 0.0, 0.025799, 0.0, -0.0, -1.0, 7.208846, 0.0, 1.0, -0.0, 0.251683, 0.0, 0.0, 0.0, 1.0],
                [1.0, 0.0, 0.0, 0.016012, 0.0, -0.0, -1.0, 7.207559, 0.0, 1.0, -0.0, 0.251683, 0.0, 0.0, 0.0, 1.0],
                [1.0, 0.0, 0.0, 0.006166, 0.0, -0.0, -1.0, 7.204353, 0.0, 1.0, -0.0, 0.251683, 0.0, 0.0, 0.0, 1.0],
                [1.0, 0.0, 0.0, 0.000468, 0.0, -0.0, -1.0, 7.201015, 0.0, 1.0, -0.0, 0.251683, 0.0, 0.0, 0.0, 1.0],
                [1.0, 0.0, 0.0, -0.000837, 0.0, -0.0, -1.0, 7.242489, 0.0, 1.0, -0.0, 0.281129, 0.0, 0.0, 0.0, 1.0],
                [1.0, 0.0, 0.0, -0.002142, 0.0, -0.0, -1.0, 7.283963, 0.0, 1.0, -0.0, 0.310575, 0.0, 0.0, 0.0, 1.0],
                [1.0, 0.0, 0.0, -0.003446, 0.0, -0.0, -1.0, 7.325437, 0.0, 1.0, -0.0, 0.340021, 0.0, 0.0, 0.0, 1.0],
                [1.0, 0.0, 0.0, -0.004751, 0.0, -0.0, -1.0, 7.36691, 0.0, 1.0, -0.0, 0.369466, 0.0, 0.0, 0.0, 1.0],
                [1.0, 7e-05, 0.0, -0.006056, 0.0, 0.000428, -1.0, 7.408384, -7e-05, 1.0, 0.000428, 0.398912, 0.0, 0.0, 0.0, 1.0],
                [1.0, 0.000421, 1e-06, -0.0222, -0.0, 0.002571, -0.999997, 7.462912, -0.000421, 0.999997, 0.002571, 0.537078, 0.0, 0.0, 0.0, 1.0],
                [1.0, 0.000631, 1e-06, -0.044112, -1e-06, 0.003856, -0.999993, 7.591784, -0.000631, 0.999992, 0.003856, 0.578524, 0.0, 0.0, 0.0, 1.0]
            ]
        },
        {
            "name": "Thigh_R",
            "time": [0.0, 0.1, 0.1333, 0.1667, 0.2, 0.2333, 0.2667, 0.3, 0.3333, 0.3667, 0.4, 0.4333, 0.4667, 0.5, 0.5333, 0.5667, 0.6, 0.6333, 0.6667, 0.7, 0.7333, 0.7667, 0.8, 0.8333, 0.8667, 0.9, 0.9333, 0.9667, 1.0, 1.0333, 1.0667, 1.1, 1.1333, 1.1667, 1.2, 1.2333, 1.2667, 1.3, 1.3333, 1.3667, 1.6667],
            "transform": [
                [0.942066, -0.042571, 0.332691, 0.12424, 0.234339, -0.626108, -0.743693, 0.012108, 0.239957, 0.778585, -0.579859, -0.009758, 0.0, 0.0, 0.0, 1.0],
                [0.266261, -0.643939, -0.71725, -0.018114, 0.203507, -0.689783, 0.694826, 0.015823, -0.942173, -0.330971, -0.052617, -0.116243, 0.0, 0.0, 0.0, 1.0],
                [-0.047522, -0.690316, -0.721946, -0.042785, -0.125891, -0.71286, 0.689914, 0.050205, -0.990905, 0.123672, -0.053028, -0.057976, 0.0, 0.0, 0.0, 1.0],
                [-0.574407, -0.592791, -0.564495, -0.067455, -0.263872, -0.518706, 0.813213, 0.084587, -0.774873, 0.61607, 0.141528, 0.000291, 0.0, 0.0, 0.0, 1.0],
                [-0.98652, -0.110654, 0.120558, -0.092126, 0.153363, -0.368207, 0.917008, 0.11897, -0.057081, 0.923135, 0.380214, 0.058558, 0.0, 0.0, 0.0, 1.0],
                [-0.584263, 0.165222, 0.794568, 0.047027, 0.665459, -0.462885, 0.585578, 0.151722, 0.464544, 0.870884, 0.160499, 0.060433, 0.0, 0.0, 0.0, 1.0],
                [-0.177016, 0.165322, 0.970224, 0.072709, 0.787638, -0.567316, 0.240371, 0.128928, 0.590163, 0.806735, -0.02979, 0.009164, 0.0, 0.0, 0.0, 1.0],
                [0.24497, 0.233785, 0.940922, 0.098391, 0.762473, -0.645902, -0.038027, 0.106134, 0.598854, 0.726743, -0.336481, -0.042106, 0.0, 0.0, 0.0, 1.0],
                [0.846231, 0.496176, 0.194171, 0.124073, 0.478343, -0.867992, 0.133327, 0.083339, 0.234693, -0.019945, -0.971865, -0.093376, 0.0, 0.0, 0.0, 1.0],
                [0.856742, 0.203177, -0.474038, 0.099478, 0.475006, -0.668892, 0.571798, 0.061305, -0.200904, -0.715054, -0.669578, -0.110877, 0.0, 0.0, 0.0, 1.0],
                [0.665929, -0.178417, -0.724366, 0.074883, 0.664777, -0.298709, 0.684722, 0.03927, -0.33854, -0.937518, -0.080311, -0.128377, 0.0, 0.0, 0.0, 1.0],
                [0.627867, -0.29159, -0.721635, 0.087411, 0.685523, -0.231873, 0.69014, 0.028745, -0.368566, -0.928014, 0.054306, -0.096286, 0.0, 0.0, 0.0, 1.0],
                [0.842269, -0.214614, -0.494493, 0.099939, 0.491163, -0.072465, 0.868048, 0.01822, -0.222129, -0.974007, 0.044376, -0.064194, 0.0, 0.0, 0.0, 1.0],
                [0.864169, -0.145807, -0.481613, 0.112467, 0.47587, -0.074337, 0.876368, 0.007695, -0.163582, -0.986516, 0.005146, -0.032103, 0.0, 0.0, 0.0, 1.0],
                [0.81684, -0.152779, -0.556265, 0.124994, 0.559019, -0.028346, 0.82867, -0.002831, -0.142372, -0.987854, 0.062252, -1.1e-05, 0.0, 0.0, 0.0, 1.0],
                [0.688779, -0.098866, -0.718198, 0.124994, 0.722592, 0.013439, 0.691144, -0.002831, -0.058679, -0.99501, 0.080696, -1.2e-05, 0.0, 0.0, 0.0, 1.0],
                [0.666549, -0.035101, -0.744635, 0.124994, 0.743999, -0.031217, 0.667451, -0.002831, -0.046674, -0.998896, 0.005307, -1.2e-05, 0.0, 0.0, 0.0, 1.0],
                [0.687331, -0.029725, -0.725736, 0.124995, 0.723939, -0.053205, 0.687809, -0.00283, -0.059057, -0.998141, -0.01505, -1.1e-05, 0.0, 0.0, 0.0, 1.0],
                [0.688549, -0.037765, -0.724206, 0.124994, 0.722092, -0.056501, 0.689486, -0.002831, -0.066957, -0.997688, -0.011634, -1.2e-05, 0.0, 0.0, 0.0, 1.0],
                [0.695939, -0.036338, -0.717181, 0.124994, 0.714988, -0.057832, 0.696741, -0.002831, -0.066794, -0.997665, -0.014266, -1.1e-05, 0.0, 0.0, 0.0, 1.0],
                [0.706677, -0.025739, -0.707068, 0.124994, 0.705236, -0.054889, 0.706845, -0.002831, -0.057004, -0.99816, -0.020637, -1.1e-05, 0.0, 0.0, 0.0, 1.0],
                [0.714335, -0.022232, -0.699451, 0.124993, 0.697917, -0.050726, 0.71438, -0.002831, -0.051362, -0.998465, -0.020719, -1.1e-05, 0.0, 0.0, 0.0, 1.0],
                [0.723783, -0.019106, -0.689763, 0.124994, 0.688567, -0.044998, 0.723775, -0.002831, -0.044867, -0.998804, -0.019413, -1.1e-05, 0.0, 0.0, 0.0, 1.0],
                [0.729789, -0.018833, -0.683413, 0.124994, 0.682525, -0.037823, 0.729883, -0.002831, -0.039595, -0.999107, -0.014749, -1.1e-05, 0.0, 0.0, 0.0, 1.0],
                [0.731387, -0.021615, -0.68162, 0.124994, 0.680845, -0.034033, 0.731636, -0.002831, -0.039012, -0.999187, -0.010174, -1.2e-05, 0.0, 0.0, 0.0, 1.0],
                [0.729646, -0.02512, -0.683364, 0.124992, 0.682568, -0.033816, 0.730039, -0.002831, -0.041447, -0.999112, -0.007528, -1.1e-05, 0.0, 0.0, 0.0, 1.0],
                [0.723268, -0.036229, -0.689617, 0.124993, 0.688625, -0.037016, 0.724172, -0.002831, -0.051763, -0.998657, -0.001825, -1.1e-05, 0.0, 0.0, 0.0, 1.0],
                [0.738795, -0.043847, -0.672502, 0.124994, 0.670403, -0.054149, 0.740019, -0.002831, -0.068863, -0.99757, -0.01061, -1.1e-05, 0.0, 0.0, 0.0, 1.0],
                [0.776267, -0.061721, -0.627375, 0.124994, 0.623615, -0.070478, 0.778548, -0.002831, -0.092269, -0.995602, -0.01622, -1.1e-05, 0.0, 0.0, 0.0, 1.0],
                [0.812187, -0.069262, -0.579272, 0.124994, 0.574138, -0.081306, 0.814711, -0.002831, -0.103527, -0.994279, -0.02627, -1.1e-05, 0.0, 0.0, 0.0, 1.0],
                [0.881776, -0.055009, -0.46845, 0.124994, 0.461667, -0.102789, 0.881078, -0.002831, -0.096619, -0.993181, -0.065241, -1.1e-05, 0.0, 0.0, 0.0, 1.0],
                [0.929711, -0.02564, -0.367395, 0.124994, 0.362959, -0.10531, 0.925835, -0.002831, -0.062429, -0.994109, -0.088601, -1.2e-05, 0.0, 0.0, 0.0, 1.0],
                [0.941626, -0.009491, -0.336526, 0.124994, 0.33545, -0.058207, 0.940258, -0.002831, -0.028512, -0.998259, -0.051625, -1.2e-05, 0.0, 0.0, 0.0, 1.0],
                [0.938406, 0.015564, -0.345183, 0.124994, 0.345008, 0.012889, 0.938511, -0.002831, 0.019056, -0.999796, 0.006725, -1.2e-05, 0.0, 0.0, 0.0, 1.0],
                [0.926614, 0.039403, -0.373942, 0.124993, 0.370802, 0.069228, 0.926128, -0.002831, 0.062379, -0.996822, 0.049537, -1.1e-05, 0.0, 0.0, 0.0, 1.0],
                [0.916186, 0.049041, -0.397742, 0.124993, 0.394553, 0.063536, 0.916674, -0.002831, 0.070225, -0.996774, 0.038861, -1.2e-05, 0.0, 0.0, 0.0, 1.0],
                [0.900139, 0.056109, -0.431974, 0.124994, 0.4314, 0.022585, 0.901878, -0.002831, 0.06036, -0.998169, -0.003876, -1.1e-05, 0.0, 0.0, 0.0, 1.0],
                [0.887203, 0.072743, -0.45561, 0.124993, 0.46054, -0.080046, 0.884023, -0.00283, 0.027836, -0.994133, -0.104518, -1.1e-05, 0.0, 0.0, 0.0, 1.0],
                [0.8738, 0.096697, -0.476574, 0.124994, 0.48368, -0.274129, 0.831208, -0.002831, -0.050267, -0.956819, -0.286305, -1.2e-05, 0.0, 0.0, 0.0, 1.0],
                [0.869773, 0.086609, -0.485792, 0.124994, 0.475115, -0.412873, 0.777047, -0.002831, -0.133271, -0.906661, -0.400255, -1.2e-05, 0.0, 0.0, 0.0, 1.0],
                [0.86071, 0.267312, 0.433264, 0.09946, 0.232709, -0.963527, 0.132167, 0.054652, 0.452788, -0.012933, -0.891523, 0.028344, 0.0, 0.0, 0.0, 1.0]
            ]
        },
        {
            "name": "Leg_R",
            "time": [0.0, 0.1, 0.1333, 0.1667, 0.2, 0.2333, 0.2667, 0.3, 0.3333, 0.3667, 0.4, 0.4333, 0.4667, 0.5, 0.5333, 0.5667, 0.6, 0.6333, 0.6667, 0.7, 0.7333, 0.7667, 0.8, 0.8333, 0.8667, 0.9, 0.9333, 0.9667, 1.0, 1.0333, 1.0667, 1.1, 1.1333, 1.1667, 1.2, 1.2333, 1.2667, 1.3, 1.3333, 1.3667, 1.6667],
            "transform": [
                [0.999989, -0.001639, 0.001066, 0.0, 0.001063, 0.913253, 0.407448, 0.37472, -0.001641, -0.407469, 0.913202, -0.0, 0.0, 0.0, 0.0, 1.0],
                [1.0, 2e-06, -3.2e-05, 0.0, 2e-05, -0.822722, 0.568443, 0.37472, -2.6e-05, -0.568442, -0.822724, 0.0, 0.0, 0.0, 0.0, 1.0],
                [1.0, -1.2e-05, -4.4e-05, -0.0, 2e-05, -0.746622, 0.665246, 0.37472, -4.1e-05, -0.665229, -0.746642, 0.0, 0.0, 0.0, 0.0, 1.0],
                [1.0, -1.8e-05, -3e-05, 0.0, 1.2e-05, -0.629697, 0.776844, 0.37472, -3.3e-05, -0.776828, -0.62971, 0.0, 0.0, 0.0, 0.0, 1.0],
                [1.0, -1.5e-05, -9e-06, -0.0, 6e-06, -0.175728, 0.98444, 0.37472, -1.7e-05, -0.984438, -0.175728, 0.0, 0.0, 0.0, 0.0, 1.0],
                [1.0, -5.3e-05, -7e-06, 0.0, 2.8e-05, 0.407175, 0.913339, 0.37472, -4.6e-05, -0.913366, 0.407163, 0.0, 0.0, 0.0, 0.0, 1.0],
                [1.0, -4.6e-05, 4e-06, -0.0, 3.3e-05, 0.75819, 0.652038, 0.37472, -3.3e-05, -0.652065, 0.758159, -0.0, 0.0, 0.0, 0.0, 1.0],
                [1.0, -3.6e-05, 1e-06, -0.0, 2.5e-05, 0.71983, 0.694151, 0.374721, -2.6e-05, -0.694165, 0.719816, 0.0, 0.0, 0.0, 0.0, 1.0],
                [1.0, -8e-06, -1.1e-05, 0.0, 1e-05, -0.123176, 0.992385, 0.37472, -1e-05, -0.992385, -0.123176, -0.0, 0.0, 0.0, 0.0, 1.0],
                [1.0, -1e-06, -3e-06, -0.0, 2e-06, -0.64796, 0.761675, 0.37472, -2e-06, -0.761673, -0.647961, 1e-06, 0.0, 0.0, 0.0, 1.0],
                [1.0, -0.0, -5e-06, 0.0, 3e-06, -0.615174, 0.788391, 0.37472, -3e-06, -0.788394, -0.615171, -0.0, 0.0, 0.0, 0.0, 1.0],
                [1.0, 1e-06, -6e-06, -0.0, 5e-06, -0.425147, 0.905123, 0.374719, -2e-06, -0.905127, -0.425145, -0.0, 0.0, 0.0, 0.0, 1.0],
                [1.0, 1.3e-05, -3e-06, -0.0, 1e-05, -0.574533, 0.818481, 0.37472, 9e-06, -0.818484, -0.574531, -0.0, 0.0, 0.0, 0.0, 1.0],
                [1.0, 1.4e-05, -4e-06, 0.0, 1.2e-05, -0.612068, 0.790805, 0.37472, 9e-06, -0.790806, -0.612068, -0.0, 0.0, 0.0, 0.0, 1.0],
                [1.0, 1.3e-05, -5e-06, 0.0, 1.3e-05, -0.691464, 0.722411, 0.374721, 6e-06, -0.722411, -0.691464, -0.0, 0.0, 0.0, 0.0, 1.0],
                [1.0, 5e-06, -5e-06, -0.0, 7e-06, -0.769468, 0.638686, 0.37472, -1e-06, -0.638689, -0.769465, -0.0, 0.0, 0.0, 0.0, 1.0],
                [1.0, 1e-06, -2e-06, 0.0, 2e-06, -0.710881, 0.703312, 0.37472, -1e-06, -0.703314, -0.710879, 0.0, 0.0, 0.0, 0.0, 1.0],
                [1.0, 0.0, -1e-06, -0.0, 1e-06, -0.663371, 0.748291, 0.37472, -1e-06, -0.748292, -0.66337, -0.0, 0.0, 0.0, 0.0, 1.0],
                [1.0, -0.0, -1e-06, 0.0, 0.0, -0.62687, 0.779124, 0.37472, -1e-06, -0.779125, -0.626869, -0.0, 0.0, 0.0, 0.0, 1.0],
                [1.0, -0.0, -0.0, -0.0, 0.0, -0.590186, 0.807268, 0.37472, -0.0, -0.807268, -0.590186, 0.0, 0.0, 0.0, 0.0, 1.0],
                [1.0, -0.0, 0.0, -0.0, -0.0, -0.569531, 0.82197, 0.37472, -0.0, -0.82197, -0.569532, -0.0, 0.0, 0.0, 0.0, 1.0],
                [1.0, -0.0, 0.0, -0.0, -0.0, -0.561966, 0.827161, 0.37472, -0.0, -0.827161, -0.561966, -0.0, 0.0, 0.0, 0.0, 1.0],
                [1.0, -0.0, 0.0, -0.0, -0.0, -0.552502, 0.833512, 0.37472, -0.0, -0.833511, -0.552502, 0.0, 0.0, 0.0, 0.0, 1.0],
                [1.0, -0.0, 0.0, 0.0, 0.0, -0.543091, 0.839674, 0.37472, 0.0, -0.839674, -0.543092, 0.0, 0.0, 0.0, 0.0, 1.0],
                [1.0, -0.0, 0.0, 0.0, -0.0, -0.536942, 0.84362, 0.37472, -0.0, -0.84362, -0.536942, 0.0, 0.0, 0.0, 0.0, 1.0],
                [1.0, -0.0, 0.0, -0.0, -0.0, -0.533302, 0.845925, 0.374719, 0.0, -0.845925, -0.533302, 0.0, 0.0, 0.0, 0.0, 1.0],
                [1.0, -0.0, 0.0, 0.0, -0.0, -0.531786, 0.846879, 0.374719, -0.0, -0.846879, -0.531786, -0.0, 0.0, 0.0, 0.0, 1.0],
                [1.0, 0.0, -0.0, 0.0, 0.0, -0.532966, 0.846137, 0.37472, -0.0, -0.846137, -0.532966, -0.0, 0.0, 0.0, 0.0, 1.0],
                [1.0, 0.0, -1e-06, -0.0, 1e-06, -0.530916, 0.847425, 0.374721, -0.0, -0.847426, -0.530915, 0.0, 0.0, 0.0, 0.0, 1.0],
                [1.0, 1e-06, -4e-06, 0.0, 4e-06, -0.515982, 0.856599, 0.37472, -1e-06, -0.856601, -0.515981, 0.0, 0.0, 0.0, 0.0, 1.0],
                [1.0, 7e-06, -9e-06, -0.0, 1.2e-05, -0.470638, 0.882326, 0.37472, 2e-06, -0.882328, -0.470637, -0.0, 0.0, 0.0, 0.0, 1.0],
                [1.0, 1.2e-05, -1e-05, -0.0, 1.5e-05, -0.449904, 0.893077, 0.374719, 6e-06, -0.893077, -0.449904, -0.0, 0.0, 0.0, 0.0, 1.0],
                [1.0, 1.4e-05, -7e-06, 0.0, 1.2e-05, -0.45204, 0.891999, 0.374721, 9e-06, -0.891996, -0.452042, 0.0, 0.0, 0.0, 0.0, 1.0],
                [1.0, 1.4e-05, -1e-06, 0.0, 8e-06, -0.457512, 0.889207, 0.374721, 1.2e-05, -0.889198, -0.457516, -0.0, 0.0, 0.0, 0.0, 1.0],
                [1.0, 1.6e-05, 1e-06, -0.0, 6e-06, -0.44649, 0.894793, 0.37472, 1.5e-05, -0.894782, -0.446496, 0.0, 0.0, 0.0, 0.0, 1.0],
                [1.0, 1.8e-05, -3e-06, 0.0, 1e-05, -0.419047, 0.907969, 0.37472, 1.5e-05, -0.907959, -0.419051, -0.0, 0.0, 0.0, 0.0, 1.0],
                [1.0, 1.7e-05, -9e-06, -0.0, 1.5e-05, -0.382054, 0.924142, 0.37472, 1.3e-05, -0.924138, -0.382056, -0.0, 0.0, 0.0, 0.0, 1.0],
                [1.0, 1.4e-05, -1.3e-05, 0.0, 1.6e-05, -0.311173, 0.950352, 0.37472, 9e-06, -0.950355, -0.311172, 0.0, 0.0, 0.0, 0.0, 1.0],
                [1.0, 1e-05, -1.1e-05, 0.0, 1.2e-05, -0.133659, 0.991025, 0.374721, 8e-06, -0.99103, -0.133659, 0.0, 0.0, 0.0, 0.0, 1.0],
                [1.0, 1.1e-05, -8e-06, 0.0, 7e-06, 0.062086, 0.998072, 0.37472, 1.2e-05, -0.998069, 0.062086, -0.0, 0.0, 0.0, 0.0, 1.0],
                [0.999994, -0.001635, 0.00107, -0.0, 0.001067, 0.915621, 0.402044, 0.37472, -0.001637, -0.402041, 0.915623, 0.0, 0.0, 0.0, 0.0, 1.0]
            ]
        },
        {
            "name": "Knee_R",
            "time": [0.0, 1.6667],
            "transform": [
                [1.0, 0.0, -0.0, 0.0, -0.0, 0.0, -1.0, 0.37472, -0.0, 1.0, 0.0, -0.0, 0.0, 0.0, 0.0, 1.0],
                [1.0, 0.0, -0.0, -0.0, -0.0, 0.0, -1.0, 0.37472, -0.0, 1.0, 0.0, 0.0, 0.0, 0.0, 0.0, 1.0]
            ]
        },
        {
            "name": "Thigh_L",
            "time": [0.0, 0.1, 0.1333, 0.1667, 0.2, 0.2333, 0.2667, 0.3, 0.3333, 0.3667, 0.4, 0.4333, 0.4667, 0.5, 0.5333, 0.5667, 0.6, 0.6333, 0.6667, 0.7, 0.7333, 0.7667, 0.8, 0.8333, 0.8667, 0.9, 0.9333, 0.9667, 1.0, 1.0333, 1.0667, 1.1, 1.1333, 1.1667, 1.2, 1.2333, 1.2667, 1.3, 1.3333, 1.3667, 1.6667],
            "transform": [
                [0.845219, -0.518621, 0.128978, -0.101761, -0.399387, -0.452629, 0.797256, -0.008704, -0.355094, -0.72537, -0.589701, -0.015891, 0.0, 0.0, 0.0, 1.0],
                [-0.623387, -0.583811, -0.520147, 0.052449, -0.598387, -0.071997, 0.797965, 0.067078, -0.50331, 0.808691, -0.304463, 0.050991, 0.0, 0.0, 0.0, 1.0],
                [-0.912219, -0.361636, -0.192553, 0.103852, -0.207504, 0.002566, 0.978231, 0.092338, -0.353269, 0.932316, -0.077382, 0.073286, 0.0, 0.0, 0.0, 1.0],
                [-0.979853, 0.085023, 0.180721, 0.111512, 0.184427, 0.037893, 0.982116, 0.04278, 0.076655, 0.995658, -0.05281, -0.012714, 0.0, 0.0, 0.0, 1.0],
                [-0.350349, 0.833985, 0.426293, 0.074955, 0.561246, -0.177442, 0.808404, -0.043057, 0.749839, 0.522478, -0.405904, -0.092184, 0.0, 0.0, 0.0, 1.0],
                [0.405926, 0.913887, 0.006, -0.084059, 0.558436, -0.25323, 0.789952, -0.06716, 0.723446, -0.317311, -0.61314, -0.062461, 0.0, 0.0, 0.0, 1.0],
                [0.870999, 0.407232, 0.274817, -0.112798, -0.179497, -0.256926, 0.949616, -0.017789, 0.457321, -0.876442, -0.150685, 0.006893, 0.0, 0.0, 0.0, 1.0],
                [0.798719, 0.108558, 0.591831, -0.112532, -0.536889, -0.315493, 0.782441, -0.002721, 0.271659, -0.942698, -0.193707, 0.014713, 0.0, 0.0, 0.0, 1.0],
                [0.77672, -0.411453, 0.476878, -0.112265, -0.623799, -0.397867, 0.672738, 0.012346, -0.087066, -0.820005, -0.565695, 0.022533, 0.0, 0.0, 0.0, 1.0],
                [0.571348, -0.803359, 0.167858, -0.111999, -0.645074, -0.313139, 0.69701, 0.027414, -0.507386, -0.506515, -0.697138, 0.030353, 0.0, 0.0, 0.0, 1.0],
                [0.418314, -0.906525, 0.056793, -0.111732, -0.670715, -0.266126, 0.692327, 0.042482, -0.612498, -0.327703, -0.719345, 0.038173, 0.0, 0.0, 0.0, 1.0],
                [0.282832, -0.925837, -0.250661, -0.111466, -0.820199, -0.368933, 0.43722, 0.057549, -0.497272, 0.081932, -0.863717, 0.045993, 0.0, 0.0, 0.0, 1.0],
                [0.635173, -0.549216, -0.543063, -0.111199, -0.765351, -0.542129, -0.346891, 0.072617, -0.103892, 0.635969, -0.764689, 0.053814, 0.0, 0.0, 0.0, 1.0],
                [0.647044, -0.454602, -0.612104, -0.10514, -0.755822, -0.488085, -0.43647, 0.069581, -0.100339, 0.745057, -0.659411, 0.046953, 0.0, 0.0, 0.0, 1.0],
                [0.546422, -0.484384, -0.683224, -0.09908, -0.831713, -0.409661, -0.374742, 0.066545, -0.098371, 0.773013, -0.626716, 0.040092, 0.0, 0.0, 0.0, 1.0],
                [0.417664, -0.33951, -0.842787, -0.09302, -0.903032, -0.257661, -0.343722, 0.063508, -0.100457, 0.904623, -0.414204, 0.033231, 0.0, 0.0, 0.0, 1.0],
                [0.413501, -0.299014, -0.860004, -0.08696, -0.896667, -0.297772, -0.327596, 0.060472, -0.15813, 0.906599, -0.391245, 0.02637, 0.0, 0.0, 0.0, 1.0],
                [0.437421, -0.368881, -0.820116, -0.0809, -0.881958, -0.354002, -0.311178, 0.057436, -0.175535, 0.859424, -0.480185, 0.019509, 0.0, 0.0, 0.0, 1.0],
                [0.479925, -0.428167, -0.765732, -0.07484, -0.860165, -0.401358, -0.314687, 0.0544, -0.172594, 0.809682, -0.560916, 0.012648, 0.0, 0.0, 0.0, 1.0],
                [0.530796, -0.47616, -0.70109, -0.074841, -0.832988, -0.445546, -0.328054, 0.0544, -0.156162, 0.758129, -0.63313, 0.012647, 0.0, 0.0, 0.0, 1.0],
                [0.535269, -0.494324, -0.684931, -0.074841, -0.829066, -0.462658, -0.314003, 0.054399, -0.16167, 0.735929, -0.657473, 0.012648, 0.0, 0.0, 0.0, 1.0],
                [0.525687, -0.505174, -0.684436, -0.07484, -0.833983, -0.464668, -0.297583, 0.0544, -0.167704, 0.727243, -0.665577, 0.012648, 0.0, 0.0, 0.0, 1.0],
                [0.514463, -0.519052, -0.682578, -0.07484, -0.839602, -0.466737, -0.277892, 0.0544, -0.174344, 0.716059, -0.675917, 0.012647, 0.0, 0.0, 0.0, 1.0],
                [0.504937, -0.533649, -0.678423, -0.07484, -0.843999, -0.469924, -0.258529, 0.054401, -0.180844, 0.703129, -0.687681, 0.012648, 0.0, 0.0, 0.0, 1.0],
                [0.499473, -0.542111, -0.675753, -0.07484, -0.846214, -0.472404, -0.246488, 0.0544, -0.185605, 0.694945, -0.694695, 0.012648, 0.0, 0.0, 0.0, 1.0],
                [0.498187, -0.546546, -0.673125, -0.074841, -0.8465, -0.474667, -0.241097, 0.0544, -0.18774, 0.689912, -0.699125, 0.012646, 0.0, 0.0, 0.0, 1.0],
                [0.497621, -0.551923, -0.669145, -0.074841, -0.846201, -0.47839, -0.234706, 0.0544, -0.190573, 0.683025, -0.705095, 0.012647, 0.0, 0.0, 0.0, 1.0],
                [0.525126, -0.544315, -0.654189, -0.074841, -0.83528, -0.476835, -0.273742, 0.0544, -0.162939, 0.69018, -0.705055, 0.012649, 0.0, 0.0, 0.0, 1.0],
                [0.593337, -0.472115, -0.651965, -0.074839, -0.796735, -0.459894, -0.39206, 0.054401, -0.114738, 0.752067, -0.649023, 0.012648, 0.0, 0.0, 0.0, 1.0],
                [0.67059, -0.404272, -0.621991, -0.07484, -0.738222, -0.446239, -0.505864, 0.0544, -0.073051, 0.798395, -0.597686, 0.012647, 0.0, 0.0, 0.0, 1.0],
                [0.756387, -0.432436, -0.490792, -0.091562, -0.650415, -0.576995, -0.494, 0.035323, -0.069561, 0.692874, -0.717695, 0.008427, 0.0, 0.0, 0.0, 1.0],
                [0.789824, -0.556216, -0.258463, -0.108284, -0.609797, -0.757331, -0.233662, 0.016246, -0.065775, 0.342161, -0.937336, 0.004207, 0.0, 0.0, 0.0, 1.0],
                [0.798611, -0.587946, -0.128609, -0.125006, -0.598658, -0.798, -0.069309, -0.002831, -0.06188, 0.132344, -0.98927, -1.2e-05, 0.0, 0.0, 0.0, 1.0],
                [0.813775, -0.579687, -0.041644, -0.125006, -0.580581, -0.814098, -0.012973, -0.002831, -0.026382, 0.034735, -0.999048, -1.2e-05, 0.0, 0.0, 0.0, 1.0],
                [0.81949, -0.572033, -0.034836, -0.125006, -0.572894, -0.816091, -0.076078, -0.002831, 0.01509, 0.082303, -0.996493, -1.3e-05, 0.0, 0.0, 0.0, 1.0],
                [0.821169, -0.565028, -0.080157, -0.125005, -0.569823, -0.819519, -0.060749, -0.002831, -0.031365, 0.09556, -0.994929, -1.2e-05, 0.0, 0.0, 0.0, 1.0],
                [0.820847, -0.556808, -0.127179, -0.125006, -0.562493, -0.82673, -0.010933, -0.002831, -0.099055, 0.080512, -0.99182, -1.1e-05, 0.0, 0.0, 0.0, 1.0],
                [0.803828, -0.549837, -0.227023, -0.125006, -0.555917, -0.830163, 0.042253, -0.002831, -0.211698, 0.092241, -0.972972, -1.2e-05, 0.0, 0.0, 0.0, 1.0],
                [0.776821, -0.497304, -0.386313, -0.125006, -0.508091, -0.857388, 0.082024, -0.00283, -0.372011, 0.132564, -0.918714, -1.3e-05, 0.0, 0.0, 0.0, 1.0],
                [0.767693, -0.440218, -0.465678, -0.125007, -0.470368, -0.880624, 0.057054, -0.00283, -0.435203, 0.17524, -0.883113, -1.2e-05, 0.0, 0.0, 0.0, 1.0],
                [0.98478, -0.167792, 0.045336, -0.125819, -0.173738, -0.942844, 0.284364, 0.049396, -0.004969, -0.287913, -0.957644, -0.045739, 0.0, 0.0, 0.0, 1.0]
            ]
        },
        {
            "name": "Leg_L",
            "time": [0.0, 0.1, 0.1333, 0.1667, 0.2, 0.2333, 0.2667, 0.3, 0.3333, 0.3667, 0.4, 0.4333, 0.4667, 0.5, 0.5333, 0.5667, 0.6, 0.6333, 0.6667, 0.7, 0.7333, 0.7667, 0.8, 0.8333, 0.8667, 0.9, 0.9333, 0.9667, 1.0, 1.0333, 1.0667, 1.1, 1.1333, 1.1667, 1.2, 1.2333, 1.2667, 1.3, 1.3333, 1.3667, 1.6667],
            "transform": [
                [0.999999, -0.001588, -0.001142, -0.0, -0.001143, -0.948394, 0.317085, 0.37472, -0.001587, -0.317082, -0.948398, -0.0, 0.0, 0.0, 0.0, 1.0],
                [1.0, -7e-06, 4.2e-05, 0.0, -3.7e-05, 0.34323, 0.93925, 0.37472, -2.1e-05, -0.939253, 0.343229, 0.0, 0.0, 0.0, 0.0, 1.0],
                [1.0, 2.3e-05, 3.4e-05, -0.0, -3.9e-05, 0.2673, 0.96361, 0.37472, 1.3e-05, -0.963618, 0.267298, 0.0, 0.0, 0.0, 0.0, 1.0],
                [1.0, 2.9e-05, 1.6e-05, 0.0, -2.1e-05, 0.189289, 0.98192, 0.37472, 2.5e-05, -0.981922, 0.189289, 0.0, 0.0, 0.0, 0.0, 1.0],
                [1.0, 8e-06, 8e-06, -0.0, -8e-06, 0.044775, 0.998997, 0.37472, 7e-06, -0.998997, 0.044775, 0.0, 0.0, 0.0, 0.0, 1.0],
                [1.0, 8e-06, 1.3e-05, -0.0, -9e-06, -0.34568, 0.938347, 0.37472, 1.2e-05, -0.938359, -0.345675, -0.0, 0.0, 0.0, 0.0, 1.0],
                [1.0, -2.7e-05, 3.2e-05, 0.0, -4.2e-05, -0.630814, 0.775931, 0.37472, -1e-06, -0.775949, -0.6308, -0.0, 0.0, 0.0, 0.0, 1.0],
                [1.0, -3.7e-05, 1.8e-05, -0.0, -2.5e-05, -0.181862, 0.983322, 0.37472, -3.3e-05, -0.983326, -0.181861, -0.0, 0.0, 0.0, 0.0, 1.0],
                [1.0, -1.6e-05, -2e-06, 0.0, 2e-06, -0.015095, 0.999887, 0.37472, -1.6e-05, -0.999886, -0.015095, 0.0, 0.0, 0.0, 0.0, 1.0],
                [1.0, -5e-06, -0.0, -0.0, -0.0, -0.189307, 0.981919, 0.37472, -5e-06, -0.981918, -0.189307, -0.0, 0.0, 0.0, 0.0, 1.0],
                [1.0, -6e-06, -1e-06, -0.0, -0.0, -0.230064, 0.973176, 0.37472, -7e-06, -0.973176, -0.230064, 0.0, 0.0, 0.0, 0.0, 1.0],
                [1.0, -6e-06, 2e-06, -0.0, -2e-06, 0.03266, 0.999467, 0.37472, -6e-06, -0.999467, 0.03266, -0.0, 0.0, 0.0, 0.0, 1.0],
                [1.0, 3e-06, 1.1e-05, 0.0, -9e-06, 0.733653, 0.679525, 0.37472, -6e-06, -0.679528, 0.73365, 0.0, 0.0, 0.0, 0.0, 1.0],
                [1.0, 7e-06, 9e-06, 0.0, -1.1e-05, 0.846596, 0.532242, 0.37472, -4e-06, -0.532247, 0.846587, -0.0, 0.0, 0.0, 0.0, 1.0],
                [1.0, 6e-06, 6e-06, 0.0, -8e-06, 0.896523, 0.443004, 0.37472, -3e-06, -0.443009, 0.896513, 0.0, 0.0, 0.0, 0.0, 1.0],
                [1.0, 0.0, 0.0, 0.0, -0.0, 0.999981, 0.006091, 0.37472, -0.0, -0.006091, 0.999981, -0.0, 0.0, 0.0, 0.0, 1.0],
                [1.0, -0.0, 0.0, -0.0, 0.0, 1.0, 0.000358, 0.37472, -0.0, -0.000358, 1.0, 0.0, 0.0, 0.0, 0.0, 1.0],
                [1.0, -0.0, 0.0, 0.0, 0.0, 0.972623, 0.232392, 0.37472, -0.0, -0.232392, 0.972622, 0.0, 0.0, 0.0, 0.0, 1.0],
                [1.0, -0.0, 0.0, 0.0, 0.0, 0.908893, 0.417028, 0.37472, -0.0, -0.417028, 0.908893, 0.0, 0.0, 0.0, 0.0, 1.0],
                [1.0, -0.0, -0.0, 0.0, 0.0, 0.83571, 0.549171, 0.37472, -0.0, -0.54917, 0.835711, -0.0, 0.0, 0.0, 0.0, 1.0],
                [1.0, -0.0, 0.0, 0.0, -0.0, 0.805726, 0.592289, 0.37472, -0.0, -0.592288, 0.805726, -0.0, 0.0, 0.0, 0.0, 1.0],
                [1.0, -0.0, -0.0, 0.0, 0.0, 0.793869, 0.60809, 0.374719, -0.0, -0.608089, 0.793869, 0.0, 0.0, 0.0, 0.0, 1.0],
                [1.0, -0.0, -0.0, -0.0, 0.0, 0.776759, 0.629798, 0.37472, -0.0, -0.629797, 0.77676, -1e-06, 0.0, 0.0, 0.0, 1.0],
                [1.0, -0.0, -0.0, 0.0, 0.0, 0.757249, 0.653126, 0.37472, 0.0, -0.653126, 0.75725, 0.0, 0.0, 0.0, 0.0, 1.0],
                [1.0, -0.0, 0.0, 0.0, 0.0, 0.745412, 0.666604, 0.374719, -0.0, -0.666604, 0.745412, 0.0, 0.0, 0.0, 0.0, 1.0],
                [1.0, -0.0, -0.0, 0.0, 0.0, 0.737107, 0.675776, 0.37472, -0.0, -0.675776, 0.737107, -0.0, 0.0, 0.0, 0.0, 1.0],
                [1.0, -0.0, 0.0, 0.0, 0.0, 0.726982, 0.686656, 0.374721, -0.0, -0.686656, 0.726982, -0.0, 0.0, 0.0, 0.0, 1.0],
                [1.0, -0.0, 0.0, 0.0, 0.0, 0.757716, 0.652585, 0.37472, -0.0, -0.652585, 0.757716, 1e-06, 0.0, 0.0, 0.0, 1.0],
                [1.0, -0.0, 1e-06, -0.0, -0.0, 0.855482, 0.517832, 0.37472, -1e-06, -0.517832, 0.855483, 0.0, 0.0, 0.0, 0.0, 1.0],
                [1.0, -0.0, 1e-06, 0.0, -0.0, 0.933185, 0.359397, 0.37472, -1e-06, -0.359398, 0.933184, 0.0, 0.0, 0.0, 0.0, 1.0],
                [1.0, 1e-06, 6e-06, 0.0, -4e-06, 0.85362, 0.520898, 0.37472, -5e-06, -0.520901, 0.853616, -0.0, 0.0, 0.0, 0.0, 1.0],
                [1.0, 4e-06, 1.9e-05, 0.0, -1.9e-05, 0.249414, 0.968396, 0.37472, -1e-06, -0.968398, 0.249414, -0.0, 0.0, 0.0, 0.0, 1.0],
                [1.0, 7e-06, 2.4e-05, -0.0, -2.3e-05, -0.103319, 0.994649, 0.37472, 9e-06, -0.994649, -0.103319, 1e-06, 0.0, 0.0, 0.0, 1.0],
                [1.0, 1.2e-05, 2.8e-05, 0.0, -2.3e-05, -0.300462, 0.953793, 0.37472, 2e-05, -0.953794, -0.300461, -1e-06, 0.0, 0.0, 0.0, 1.0],
                [1.0, 1.6e-05, 2.9e-05, 0.0, -2.3e-05, -0.309303, 0.950965, 0.37472, 2.5e-05, -0.950963, -0.309304, 0.0, 0.0, 0.0, 0.0, 1.0],
                [1.0, 1.6e-05, 2.7e-05, -0.0, -2.1e-05, -0.314212, 0.949355, 0.37472, 2.4e-05, -0.949352, -0.314212, -0.0, 0.0, 0.0, 0.0, 1.0],
                [1.0, 1.3e-05, 2.4e-05, -0.0, -1.9e-05, -0.309605, 0.950866, 0.37472, 1.9e-05, -0.950865, -0.309605, -0.0, 0.0, 0.0, 0.0, 1.0],
                [1.0, 9e-06, 2e-05, 0.0, -1.7e-05, -0.219614, 0.975587, 0.37472, 1.3e-05, -0.975586, -0.219614, 0.0, 0.0, 0.0, 0.0, 1.0],
                [1.0, 8e-06, 1.4e-05, -0.0, -1.4e-05, 0.016739, 0.99986, 0.37472, 8e-06, -0.99986, 0.016739, 0.0, 0.0, 0.0, 0.0, 1.0],
                [1.0, 1.2e-05, 1.2e-05, -0.0, -1.5e-05, 0.248998, 0.968502, 0.37472, 8e-06, -0.968507, 0.248997, 1e-06, 0.0, 0.0, 0.0, 1.0],
                [0.999995, -0.001679, 0.001003, -0.0, 0.001, 0.8796, 0.475716, 0.37472, -0.001681, -0.475715, 0.879598, 0.0, 0.0, 0.0, 0.0, 1.0]
            ]
        },
        {
            "name": "Knee_L",
            "time": [0.0, 1.6667],
            "transform": [
                [1.0, 0.0, -0.0, -0.0, -0.0, 0.0, -1.0, 0.37472, -0.0, 1.0, 0.0, -0.0, 0.0, 0.0, 0.0, 1.0],
                [1.0, 0.0, -0.0, -0.0, -0.0, 0.0, -1.0, 0.37472, -0.0, 1.0, 0.0, 0.0, 0.0, 0.0, 0.0, 1.0]
            ]
        },
        {
            "name": "Torso",
            "time": [0.0, 0.1, 0.1333, 0.1667, 0.2, 0.2333, 0.2667, 0.3, 0.3333, 0.3667, 0.4, 0.4333, 0.4667, 0.5, 0.5333, 0.5667, 0.6, 0.6333, 0.6667, 0.7, 0.7333, 0.7667, 0.8, 0.8333, 0.8667, 0.9, 0.9333, 0.9667, 1.0, 1.0333, 1.0667, 1.1, 1.1333, 1.1667, 1.2, 1.2333, 1.2667, 1.3, 1.3333, 1.3667, 1.6667],
            "transform": [
                [0.978466, 0.171192, 0.115302, -0.0, -0.1883, 0.51162, 0.838324, 0.05, 0.084523, -0.841986, 0.532838, -0.0, 0.0, 0.0, 0.0, 1.0],
                [-0.309682, 0.50244, 0.807249, -0.0, -0.413462, 0.69336, -0.59017, 0.05, -0.856239, -0.516532, -0.006981, -0.0, 0.0, 0.0, 0.0, 1.0],
                [-0.700881, 0.276957, 0.657313, 0.0, -0.408834, 0.599152, -0.688383, 0.05, -0.584483, -0.751207, -0.306705, -0.0, 0.0, 0.0, 0.0, 1.0],
                [-0.971892, -0.05348, 0.229272, 0.0, -0.213235, 0.61272, -0.76099, 0.05, -0.099781, -0.788489, -0.606902, -0.0, 0.0, 0.0, 0.0, 1.0],
                [-0.609653, -0.410585, -0.678043, 0.0, 0.380926, 0.59839, -0.704857, 0.05, 0.695138, -0.688003, -0.208408, -0.0, 0.0, 0.0, 0.0, 1.0],
                [0.317217, -0.316019, -0.894151, 0.0, 0.517506, 0.847775, -0.116033, 0.05, 0.794708, -0.425921, 0.432471, -1e-06, 0.0, 0.0, 0.0, 1.0],
                [0.723734, -0.212107, -0.656673, 0.0, 0.418007, 0.891894, 0.17261, 0.05, 0.549071, -0.399418, 0.734157, -1e-06, 0.0, 0.0, 0.0, 1.0],
                [0.956439, -0.107772, -0.271311, 0.0, 0.221521, 0.873232, 0.434045, 0.05, 0.190139, -0.475238, 0.859067, -1e-06, 0.0, 0.0, 0.0, 1.0],
                [0.854307, 0.034428, 0.518628, 0.0, -0.238627, 0.912411, 0.332509, 0.05, -0.461754, -0.407824, 0.787695, -1e-06, 0.0, 0.0, 0.0, 1.0],
                [0.488865, 0.123095, 0.863631, 0.0, -0.149195, 0.987206, -0.056255, 0.05, -0.859507, -0.101349, 0.500976, -1e-06, 0.0, 0.0, 0.0, 1.0],
                [0.366547, 0.108213, 0.924085, 0.0, -0.103294, 0.991806, -0.075171, 0.05, -0.924648, -0.067899, 0.374721, -1e-06, 0.0, 0.0, 0.0, 1.0],
                [0.42548, 0.011785, 0.904891, 0.0, -0.131284, 0.990141, 0.048834, 0.05, -0.895395, -0.139575, 0.422832, -1e-06, 0.0, 0.0, 0.0, 1.0],
                [0.924236, -0.122654, 0.361584, 0.0, -0.104788, 0.829157, 0.549106, 0.05, -0.36716, -0.545393, 0.753485, -1e-06, 0.0, 0.0, 0.0, 1.0],
                [0.965375, -0.140253, 0.219955, 0.0, -0.016943, 0.807683, 0.589373, 0.05, -0.260315, -0.572693, 0.777341, -1e-06, 0.0, 0.0, 0.0, 1.0],
                [0.958271, -0.120943, 0.259015, 0.0, -0.021963, 0.872262, 0.488545, 0.05, -0.285015, -0.473847, 0.833208, -1e-06, 0.0, 0.0, 0.0, 1.0],
                [0.898149, -0.076981, 0.4329, 0.0, -0.029031, 0.972023, 0.233083, 0.05, -0.438732, -0.221911, 0.870787, -1e-06, 0.0, 0.0, 0.0, 1.0],
                [0.792016, -0.030084, 0.609758, 0.0, -0.020352, 0.996929, 0.075622, 0.05, -0.61016, -0.072303, 0.788972, -1e-06, 0.0, 0.0, 0.0, 1.0],
                [0.746473, -0.001632, 0.665414, 0.0, -0.017146, 0.999618, 0.021686, 0.05, -0.665195, -0.027597, 0.74616, -1e-06, 0.0, 0.0, 0.0, 1.0],
                [0.712231, 0.004667, 0.701929, 0.0, 0.000149, 0.999977, -0.006801, 0.05, -0.701945, 0.004949, 0.712214, -1e-06, 0.0, 0.0, 0.0, 1.0],
                [0.674578, 0.011092, 0.73812, 0.0, 0.02945, 0.998687, -0.041922, 0.05, -0.737616, 0.050017, 0.673366, -1e-06, 0.0, 0.0, 0.0, 1.0],
                [0.65707, 0.016442, 0.75365, 0.0, 0.0471, 0.996913, -0.062813, 0.05, -0.752357, 0.07677, 0.654267, -1e-06, 0.0, 0.0, 0.0, 1.0],
                [0.651111, 0.022608, 0.758646, 0.0, 0.048859, 0.996234, -0.071622, 0.05, -0.757408, 0.0837, 0.647554, -1e-06, 0.0, 0.0, 0.0, 1.0],
                [0.644049, 0.02917, 0.764428, 0.0, 0.047978, 0.995765, -0.078419, 0.05, -0.763478, 0.087181, 0.639922, -1e-06, 0.0, 0.0, 0.0, 1.0],
                [0.638397, 0.031571, 0.769059, 0.0, 0.047141, 0.995679, -0.080006, 0.05, -0.768262, 0.08733, 0.63415, -1e-06, 0.0, 0.0, 0.0, 1.0],
                [0.63662, 0.030699, 0.770567, 0.0, 0.046734, 0.995835, -0.078283, 0.05, -0.76976, 0.085848, 0.632534, -1e-06, 0.0, 0.0, 0.0, 1.0],
                [0.635864, 0.026723, 0.771338, 0.0, 0.04647, 0.996261, -0.072824, 0.05, -0.770401, 0.082151, 0.632245, -1e-06, 0.0, 0.0, 0.0, 1.0],
                [0.635243, 0.018583, 0.772089, 0.0, 0.04608, 0.997017, -0.061909, 0.05, -0.770936, 0.074905, 0.632492, -1e-06, 0.0, 0.0, 0.0, 1.0],
                [0.66201, 0.019976, 0.749229, 0.0, 0.019976, 0.998819, -0.044282, 0.05, -0.749229, 0.044282, 0.660829, -1e-06, 0.0, 0.0, 0.0, 1.0],
                [0.731309, 0.003443, 0.682038, 0.0, -0.025637, 0.999419, 0.022443, 0.05, -0.681564, -0.033898, 0.730973, -1e-06, 0.0, 0.0, 0.0, 1.0],
                [0.806269, -0.024178, 0.591054, 0.0, -0.044315, 0.993888, 0.101108, 0.05, -0.589887, -0.107713, 0.80027, -1e-06, 0.0, 0.0, 0.0, 1.0],
                [0.920254, -0.035754, 0.389685, 0.0, -0.048094, 0.977934, 0.203302, 0.05, -0.388355, -0.205831, 0.898228, -1e-06, 0.0, 0.0, 0.0, 1.0],
                [0.982501, -0.025334, 0.184526, 0.0, -0.017595, 0.973652, 0.22736, 0.05, -0.185424, -0.226628, 0.956168, -1e-06, 0.0, 0.0, 0.0, 1.0],
                [0.996776, -0.030371, 0.07427, 0.0, 0.013789, 0.976664, 0.214329, 0.05, -0.079046, -0.212614, 0.973934, -1e-06, 0.0, 0.0, 0.0, 1.0],
                [0.997587, -0.051884, -0.04614, 0.0, 0.060479, 0.975749, 0.210371, 0.05, 0.034106, -0.212654, 0.976532, -1e-06, 0.0, 0.0, 0.0, 1.0],
                [0.991975, -0.061772, -0.110319, 0.0, 0.084296, 0.973426, 0.21292, 0.05, 0.094235, -0.220511, 0.970822, -1e-06, 0.0, 0.0, 0.0, 1.0],
                [0.995168, -0.064031, -0.074439, 0.0, 0.077565, 0.977504, 0.196136, 0.05, 0.060205, -0.200962, 0.977747, -1e-06, 0.0, 0.0, 0.0, 1.0],
                [0.997834, -0.06565, 0.004236, -0.0, 0.064329, 0.987178, 0.146085, 0.05, -0.013772, -0.145496, 0.989263, -1e-06, 0.0, 0.0, 0.0, 1.0],
                [0.99202, -0.038395, 0.120094, -0.0, 0.032798, 0.998297, 0.048242, 0.05, -0.121742, -0.043918, 0.99159, -1e-06, 0.0, 0.0, 0.0, 1.0],
                [0.973321, 0.026206, 0.227948, -0.0, -0.000157, 0.993532, -0.11355, 0.05, -0.229449, 0.110485, 0.96703, -1e-06, 0.0, 0.0, 0.0, 1.0],
                [0.973313, 0.037583, 0.226384, -0.0, -0.000527, 0.986862, -0.161565, 0.05, -0.229481, 0.157134, 0.960545, -1e-06, 0.0, 0.0, 0.0, 1.0],
                [0.960069, 0.047514, -0.275703, 0.0, -0.048601, 0.998813, 0.002892, 0.05, 0.275514, 0.010623, 0.961238, 1e-06, 0.0, 0.0, 0.0, 1.0]
            ]
        },
        {
            "name": "Chest",
            "time": [0.0, 0.1, 0.1333, 0.1667, 0.2, 0.2333, 0.2667, 0.3, 0.3333, 0.3667, 0.4, 0.4333, 0.4667, 0.5, 0.5333, 0.5667, 0.6, 0.6333, 0.6667, 0.7, 0.7333, 0.7667, 0.8, 0.8333, 0.8667, 0.9, 0.9333, 0.9667, 1.0, 1.0333, 1.0667, 1.1, 1.1333, 1.1667, 1.2, 1.2333, 1.2667, 1.3, 1.3333, 1.3667, 1.6667],
            "transform": [
                [0.596274, -0.499505, 0.628452, 0.0, 0.373077, 0.865592, 0.334013, 0.3, -0.710823, 0.035298, 0.702484, 0.0, 0.0, 0.0, 0.0, 1.0],
                [0.963491, 0.15257, 0.220018, -0.0, -0.198334, 0.958732, 0.203706, 0.3, -0.179859, -0.239906, 0.95399, 0.0, 0.0, 0.0, 0.0, 1.0],
                [0.965696, 0.102826, 0.23845, -0.0, -0.158662, 0.960566, 0.228342, 0.3, -0.205568, -0.258342, 0.943929, 0.0, 0.0, 0.0, 0.0, 1.0],
                [0.986248, 0.101756, 0.130231, -0.0, -0.117301, 0.986078, 0.117861, 0.3, -0.116425, -0.131517, 0.984453, -0.0, 0.0, 0.0, 0.0, 1.0],
                [0.999949, 0.0047, 0.00897, 0.0, -0.005255, 0.998005, 0.062914, 0.3, -0.008656, -0.062958, 0.997979, -0.0, 0.0, 0.0, 0.0, 1.0],
