{
    "animation": [
        {
            "name": "Root",
            "time": [0.0, 0.0333, 0.0667, 0.1, 0.1333, 0.1667, 0.2, 0.2333, 0.2667, 0.3, 0.3333, 0.3667, 0.4, 0.4333, 0.4667, 0.5, 0.5333, 0.5667, 0.6, 0.6333, 0.6667, 0.7, 0.7333, 0.7667, 0.8, 0.8333, 0.8667, 0.9, 0.9333, 0.9667, 1.0, 1.0333, 1.0667, 1.1, 1.1333, 1.1667, 1.2, 1.2333, 1.2667, 1.3, 1.3333, 1.3667, 1.4, 1.4333, 1.4667, 1.5, 1.5333, 1.5667, 1.6, 1.6333, 1.6667, 1.7, 1.7333, 2.0],
            "transform": [
                [0.999998, 0.002052, 3e-06, -0.063284, -4e-06, 0.003326, -0.999994, 0.073362, -0.002052, 0.999992, 0.003326, 0.529448, 0.0, 0.0, 0.0, 1.0],
                [0.999996, 0.002739, 3e-06, -0.171793, -4e-06, 0.002787, -0.999996, -0.091242, -0.002739, 0.999992, 0.002787, 0.380883, 0.0, 0.0, 0.0, 1.0],
                [0.999996, 0.002569, 3e-06, -0.13844, -4e-06, 0.002945, -0.999995, 0.110881, -0.002569, 0.999992, 0.002945, 0.413198, 0.0, 0.0, 0.0, 1.0],
                [0.999997, 0.002314, 3e-06, -0.109651, -4e-06, 0.00315, -0.999995, 0.340284, -0.002314, 0.999992, 0.00315, 0.437935, 0.0, 0.0, 0.0, 1.0],
                [0.999998, 0.001886, 3e-06, -0.09218, -4e-06, 0.003422, -0.999994, 0.61939, -0.001886, 0.999992, 0.003422, 0.444798, 0.0, 0.0, 0.0, 1.0],
                [0.999999, 0.001338, 2e-06, -0.081041, -2e-06, 0.003672, -0.999993, 0.742691, -0.001338, 0.999992, 0.003672, 0.439757, 0.0, 0.0, 0.0, 1.0],
                [0.999999, 0.00075, 1e-06, -0.069917, -2e-06, 0.003835, -0.999992, 1.156751, -0.00075, 0.999992, 0.003835, 0.424419, 0.0, 0.0, 0.0, 1.0],
                [1.0, 0.000212, 0.0, -0.058604, -0.0, 0.003902, -0.999992, 1.622175, -0.000212, 0.999992, 0.003902, 0.414902, 0.0, 0.0, 0.0, 1.0],
                [1.0, 0.000181, 0.0, -0.033541, -0.0, 0.003903, -0.999992, 2.153694, -0.000181, 0.999992, 0.003903, 0.455766, 0.0, 0.0, 0.0, 1.0],
                [1.0, 0.000328, 1e-06, -0.008265, -1e-06, 0.003894, -0.999992, 2.914615, -0.000328, 0.999992, 0.003894, 0.48371, 0.0, 0.0, 0.0, 1.0],
                [1.0, 0.000282, 1e-06, -0.002266, -1e-06, 0.003898, -0.999992, 3.502507, -0.000282, 0.999992, 0.003898, 0.47495, 0.0, 0.0, 0.0, 1.0],
                [1.0, 0.000206, 0.0, 0.000606, -0.0, 0.003903, -0.999992, 4.054806, -0.000206, 0.999992, 0.003903, 0.459158, 0.0, 0.0, 0.0, 1.0],
                [1.0, 0.00013, 0.0, 0.00348, -0.0, 0.003906, -0.999992, 4.556775, -0.00013, 0.999992, 0.003906, 0.443367, 0.0, 0.0, 0.0, 1.0],
                [1.0, 6.3e-05, -0.0, 0.006359, -0.0, 0.003908, -0.999992, 4.802202, -6.3e-05, 0.999992, 0.003908, 0.427575, 0.0, 0.0, 0.0, 1.0],
                [0.999992, -0.000132, 0.003789, 0.015671, 0.003789, 0.003905, -0.999985, 5.009171, 0.000117, 0.999992, 0.003906, 0.398417, 0.0, 0.0, 0.0, 1.0],
                [0.999994, -0.000609, 0.00342, 0.047491, 0.003422, 0.00386, -0.999986, 5.298645, 0.000596, 0.999992, 0.003862, 0.33127, 0.0, 0.0, 0.0, 1.0],
                [0.999994, -0.001044, 0.003176, 0.079374, 0.00318, 0.003766, -0.999987, 5.586965, 0.001032, 0.999992, 0.003769, 0.267387, 0.0, 0.0, 0.0, 1.0],
                [0.999994, -0.00127, 0.003076, 0.098536, 0.00308, 0.003696, -0.999988, 5.786995, 0.001258, 0.999992, 0.0037, 0.257805, 0.0, 0.0, 0.0, 1.0],
                [0.999994, -0.0014, 0.003024, 0.100852, 0.00303, 0.003649, -0.999988, 5.925107, 0.001389, 0.999992, 0.003653, 0.246875, 0.0, 0.0, 0.0, 1.0],
                [0.999994, -0.001544, 0.002977, 0.103169, 0.002982, 0.003593, -0.999989, 6.065531, 0.001533, 0.999992, 0.003598, 0.234968, 0.0, 0.0, 0.0, 1.0],
                [0.999994, -0.001683, 0.00293, 0.103712, 0.002936, 0.003526, -0.999989, 6.196767, 0.001672, 0.999992, 0.003531, 0.223061, 0.0, 0.0, 0.0, 1.0],
                [0.999994, -0.001804, 0.002895, 0.104255, 0.002901, 0.003466, -0.99999, 6.307307, 0.001794, 0.999992, 0.003471, 0.214086, 0.0, 0.0, 0.0, 1.0],
                [0.999994, -0.001879, 0.002876, 0.104794, 0.002883, 0.003426, -0.99999, 6.385653, 0.001869, 0.999992, 0.003432, 0.209665, 0.0, 0.0, 0.0, 1.0],
                [0.999994, -0.001912, 0.002868, 0.105333, 0.002874, 0.003408, -0.99999, 6.438323, 0.001902, 0.999992, 0.003413, 0.208912, 0.0, 0.0, 0.0, 1.0],
                [0.999994, -0.001929, 0.002864, 0.10587, 0.002871, 0.003399, -0.99999, 6.4807, 0.001919, 0.999992, 0.003404, 0.209481, 0.0, 0.0, 0.0, 1.0],
                [0.999994, -0.001934, 0.002863, 0.106406, 0.00287, 0.003396, -0.99999, 6.514563, 0.001924, 0.999992, 0.003401, 0.211164, 0.0, 0.0, 0.0, 1.0],
                [0.999994, -0.001924, 0.002865, 0.106942, 0.002872, 0.003401, -0.99999, 6.541705, 0.001914, 0.999992, 0.003407, 0.214067, 0.0, 0.0, 0.0, 1.0],
                [0.999994, -0.001905, 0.00287, 0.107478, 0.002876, 0.003411, -0.99999, 6.563899, 0.001896, 0.999992, 0.003417, 0.21697, 0.0, 0.0, 0.0, 1.0],
                [0.999994, -0.001879, 0.002877, 0.108014, 0.002883, 0.003427, -0.99999, 6.582936, 0.001869, 0.999992, 0.003432, 0.220665, 0.0, 0.0, 0.0, 1.0],
                [0.999994, -0.001851, 0.002884, 0.10855, 0.00289, 0.003442, -0.99999, 6.600595, 0.001841, 0.999992, 0.003447, 0.22436, 0.0, 0.0, 0.0, 1.0],
                [0.999994, -0.001824, 0.002891, 0.109086, 0.002897, 0.003456, -0.999989, 6.61866, 0.001814, 0.999992, 0.003461, 0.228055, 0.0, 0.0, 0.0, 1.0],
                [0.999994, -0.001797, 0.002898, 0.109623, 0.002904, 0.003471, -0.999989, 6.638915, 0.001786, 0.999992, 0.003476, 0.23175, 0.0, 0.0, 0.0, 1.0],
                [0.999994, -0.001774, 0.002903, 0.110158, 0.00291, 0.003482, -0.999989, 6.663144, 0.001764, 0.999992, 0.003487, 0.235445, 0.0, 0.0, 0.0, 1.0],
                [0.999994, -0.001674, 0.002932, 0.112537, 0.002938, 0.003531, -0.999989, 6.680548, 0.001663, 0.999992, 0.003536, 0.242327, 0.0, 0.0, 0.0, 1.0],
                [0.999994, -0.001528, 0.00298, 0.116428, 0.002985, 0.003597, -0.999989, 6.704573, 0.001517, 0.999992, 0.003601, 0.252928, 0.0, 0.0, 0.0, 1.0],
                [0.999994, -0.001399, 0.003024, 0.120341, 0.00303, 0.003649, -0.999988, 6.729817, 0.001388, 0.999992, 0.003653, 0.263602, 0.0, 0.0, 0.0, 1.0],
                [0.999994, -0.001313, 0.003057, 0.124202, 0.003062, 0.003681, -0.999988, 6.754775, 0.001302, 0.999992, 0.003685, 0.275373, 0.0, 0.0, 0.0, 1.0],
                [0.999994, -0.00127, 0.003076, 0.128082, 0.00308, 0.003696, -0.999988, 6.778875, 0.001258, 0.999992, 0.0037, 0.287218, 0.0, 0.0, 0.0, 1.0],
                [0.999994, -0.001255, 0.003081, 0.131958, 0.003085, 0.003701, -0.999988, 6.80275, 0.001244, 0.999992, 0.003705, 0.299063, 0.0, 0.0, 0.0, 1.0],
                [0.999994, -0.001252, 0.003082, 0.137689, 0.003087, 0.003702, -0.999988, 6.827247, 0.001241, 0.999992, 0.003706, 0.310239, 0.0, 0.0, 0.0, 1.0],
                [0.999994, -0.00125, 0.003084, 0.143422, 0.003088, 0.003703, -0.999988, 6.851451, 0.001238, 0.999992, 0.003707, 0.321416, 0.0, 0.0, 0.0, 1.0],
                [0.999994, -0.001237, 0.003089, 0.147257, 0.003094, 0.003707, -0.999988, 6.874437, 0.001225, 0.999992, 0.003711, 0.334363, 0.0, 0.0, 0.0, 1.0],
                [0.999994, -0.001202, 0.003104, 0.147589, 0.003108, 0.003718, -0.999988, 6.895286, 0.001191, 0.999992, 0.003722, 0.35015, 0.0, 0.0, 0.0, 1.0],
                [0.999994, -0.001138, 0.003132, 0.142796, 0.003136, 0.003739, -0.999988, 6.913077, 0.001127, 0.999992, 0.003742, 0.40128, 0.0, 0.0, 0.0, 1.0],
                [0.999994, -0.001048, 0.003174, 0.132221, 0.003178, 0.003764, -0.999987, 6.928779, 0.001036, 0.999992, 0.003768, 0.429097, 0.0, 0.0, 0.0, 1.0],
                [0.999994, -0.000941, 0.003227, 0.11732, 0.003231, 0.003793, -0.999987, 6.94377, 0.000929, 0.999992, 0.003796, 0.46214, 0.0, 0.0, 0.0, 1.0],
                [0.999994, -0.000826, 0.003292, 0.098702, 0.003295, 0.003821, -0.999987, 6.95776, 0.000813, 0.999992, 0.003824, 0.49869, 0.0, 0.0, 0.0, 1.0],
                [0.999994, -0.00071, 0.003357, 0.080092, 0.00336, 0.003843, -0.999987, 6.970445, 0.000697, 0.999992, 0.003846, 0.53524, 0.0, 0.0, 0.0, 1.0],
                [0.999994, -0.000597, 0.003428, 0.061487, 0.00343, 0.003862, -0.999986, 6.981532, 0.000584, 0.999992, 0.003864, 0.571791, 0.0, 0.0, 0.0, 1.0],
                [0.999994, -0.000494, 0.003498, 0.042888, 0.0035, 0.003877, -0.999986, 6.990726, 0.00048, 0.999992, 0.003878, 0.604917, 0.0, 0.0, 0.0, 1.0],
                [0.999993, -0.000397, 0.003568, 0.027466, 0.00357, 0.003887, -0.999986, 7.044593, 0.000383, 0.999992, 0.003889, 0.632805, 0.0, 0.0, 0.0, 1.0],
                [0.999993, -0.000316, 0.003631, 0.016709, 0.003633, 0.003895, -0.999986, 7.00927, 0.000302, 0.999992, 0.003896, 0.653507, 0.0, 0.0, 0.0, 1.0],
                [0.999993, -0.000244, 0.003692, 0.009667, 0.003693, 0.003901, -0.999985, 7.017957, 0.00023, 0.999992, 0.003902, 0.667006, 0.0, 0.0, 0.0, 1.0],
                [1.0, 0.000631, 1e-06, 0.000527, -1e-06, 0.003856, -0.999993, 7.065623, -0.000631, 0.999992, 0.003856, 0.677456, 0.0, 0.0, 0.0, 1.0]
            ]
        },
        {
            "name": "Thigh_R",
            "time": [0.0, 0.0333, 0.1667, 0.2667, 0.3, 0.3333, 0.3667, 0.4, 0.4333, 0.4667, 0.5, 0.5333, 0.5667, 0.6, 0.6333, 0.6667, 0.7, 0.7333, 0.7667, 0.8, 0.8333, 0.8667, 0.9, 0.9333, 0.9667, 1.0, 1.0333, 1.0667, 1.1, 1.1333, 1.1667, 1.2, 1.2333, 1.2667, 1.3, 1.3333, 1.3667, 1.4, 1.4333, 1.4667, 1.5, 1.5333, 1.5667, 1.6, 1.6333, 1.6667, 1.7, 1.8, 1.9, 2.0],
            "transform": [
                [0.590321, 0.500872, 0.632968, 0.015158, 0.645148, -0.764052, 0.002919, 0.065517, 0.485082, 0.406636, -0.774173, 0.133069, 0.0, 0.0, 0.0, 1.0],
                [-0.196932, 0.868504, 0.454884, 0.011453, 0.803836, -0.122598, 0.582079, 0.082083, 0.561305, 0.480283, -0.673992, 0.124502, 0.0, 0.0, 0.0, 1.0],
                [0.589833, 0.626217, 0.509853, -0.003368, 0.6201, -0.755682, 0.210764, 0.148343, 0.517266, 0.191846, -0.834044, 0.090234, 0.0, 0.0, 0.0, 1.0],
                [0.926757, 0.132232, 0.351606, 0.106752, 0.324207, -0.754324, -0.570868, 0.050164, 0.189735, 0.643057, -0.741946, 0.00837, 0.0, 0.0, 0.0, 1.0],
                [0.88621, -0.012349, 0.463107, 0.143458, 0.335286, -0.672734, -0.659558, 0.017437, 0.319688, 0.739792, -0.592044, -0.018918, 0.0, 0.0, 0.0, 1.0],
                [0.942066, -0.042571, 0.332691, 0.140986, 0.234339, -0.626108, -0.743693, 0.02906, 0.239957, 0.778585, -0.579859, -0.015893, 0.0, 0.0, 0.0, 1.0],
                [0.986931, -0.038445, 0.156438, 0.138513, 0.104014, -0.589466, -0.801072, 0.040682, 0.12301, 0.806888, -0.577764, -0.012868, 0.0, 0.0, 0.0, 1.0],
                [0.999252, -0.01238, 0.036424, 0.136041, 0.0196, -0.650885, -0.758928, 0.052305, 0.033103, 0.759087, -0.650155, -0.009843, 0.0, 0.0, 0.0, 1.0],
                [0.998339, 0.014219, 0.05572, 0.133568, 0.035975, -0.910356, -0.412272, 0.063928, 0.044862, 0.413597, -0.909355, -0.006817, 0.0, 0.0, 0.0, 1.0],
                [0.992653, 0.12085, 0.005625, 0.131096, 0.11772, -0.975584, 0.185425, 0.07555, 0.027896, -0.183401, -0.982643, -0.003791, 0.0, 0.0, 0.0, 1.0],
                [0.868431, 0.325982, -0.373581, 0.128623, 0.491398, -0.666172, 0.56102, 0.087173, -0.065987, -0.670785, -0.738712, -0.000766, 0.0, 0.0, 0.0, 1.0],
                [0.91243, -0.142612, -0.383576, 0.126151, 0.409159, 0.300687, 0.861496, 0.098795, -0.007523, -0.943003, 0.332707, 0.00226, 0.0, 0.0, 0.0, 1.0],
                [0.823463, -0.260074, -0.504252, 0.123678, 0.560101, 0.230816, 0.79562, 0.110418, -0.09053, -0.937596, 0.335736, 0.005285, 0.0, 0.0, 0.0, 1.0],
                [0.67838, -0.165127, -0.715915, 0.112368, 0.725572, -0.00263, 0.68814, 0.127667, -0.115513, -0.986271, 0.118027, -0.012162, 0.0, 0.0, 0.0, 1.0],
                [0.638966, 0.075984, -0.765473, 0.101059, 0.734942, -0.354106, 0.578332, 0.144917, -0.227114, -0.932115, -0.282105, -0.029608, 0.0, 0.0, 0.0, 1.0],
                [0.560304, 0.080565, -0.82436, 0.089665, 0.79135, -0.345963, 0.504058, 0.146485, -0.244588, -0.934785, -0.257599, -0.027041, 0.0, 0.0, 0.0, 1.0],
                [0.509975, 0.040986, -0.859213, 0.078271, 0.821503, -0.31939, 0.472358, 0.148053, -0.255063, -0.946738, -0.19655, -0.024474, 0.0, 0.0, 0.0, 1.0],
                [0.47981, -0.021308, -0.877114, 0.066877, 0.835255, -0.294922, 0.464078, 0.149621, -0.268568, -0.955285, -0.123709, -0.021908, 0.0, 0.0, 0.0, 1.0],
                [0.463324, -0.077502, -0.882793, 0.055484, 0.83987, -0.279437, 0.46533, 0.15119, -0.282748, -0.957032, -0.064378, -0.019341, 0.0, 0.0, 0.0, 1.0],
                [0.45145, -0.113811, -0.885009, 0.056444, 0.842013, -0.273914, 0.464743, 0.146579, -0.295308, -0.954998, -0.027828, -0.021534, 0.0, 0.0, 0.0, 1.0],
                [0.446163, -0.140989, -0.883776, 0.057404, 0.841017, -0.271579, 0.467903, 0.141968, -0.305984, -0.952034, -0.002594, -0.023727, 0.0, 0.0, 0.0, 1.0],
                [0.444563, -0.160644, -0.881225, 0.058364, 0.83824, -0.272207, 0.4725, 0.137358, -0.315779, -0.948735, 0.013645, -0.02592, 0.0, 0.0, 0.0, 1.0],
                [0.447958, -0.173339, -0.877091, 0.059324, 0.833261, -0.27463, 0.479848, 0.132747, -0.324052, -0.945797, 0.021414, -0.028113, 0.0, 0.0, 0.0, 1.0],
                [0.451323, -0.186001, -0.872761, 0.060285, 0.828197, -0.276853, 0.487281, 0.128137, -0.332261, -0.942739, 0.029095, -0.030305, 0.0, 0.0, 0.0, 1.0],
                [0.457992, -0.195697, -0.867148, 0.061245, 0.821452, -0.279692, 0.496979, 0.123526, -0.339791, -0.939935, 0.032659, -0.032498, 0.0, 0.0, 0.0, 1.0],
                [0.464642, -0.205386, -0.861351, 0.062205, 0.814604, -0.28223, 0.506722, 0.118916, -0.347172, -0.937104, 0.036172, -0.034691, 0.0, 0.0, 0.0, 1.0],
                [0.468961, -0.217235, -0.856087, 0.063165, 0.808147, -0.285512, 0.51515, 0.114305, -0.356331, -0.933431, 0.041664, -0.036884, 0.0, 0.0, 0.0, 1.0],
                [0.4732, -0.229086, -0.850648, 0.064125, 0.8016, -0.288542, 0.523623, 0.109694, -0.365401, -0.929658, 0.047097, -0.039077, 0.0, 0.0, 0.0, 1.0],
                [0.506435, -0.247777, -0.825912, 0.065085, 0.779803, -0.277184, 0.561317, 0.105084, -0.368011, -0.928319, 0.052842, -0.041271, 0.0, 0.0, 0.0, 1.0],
                [0.564174, -0.295461, -0.77098, 0.066045, 0.735758, -0.243813, 0.631835, 0.100473, -0.374658, -0.92372, 0.079834, -0.043463, 0.0, 0.0, 0.0, 1.0],
                [0.621008, -0.337091, -0.707615, 0.067005, 0.683798, -0.208264, 0.699318, 0.095863, -0.383104, -0.918149, 0.101169, -0.045656, 0.0, 0.0, 0.0, 1.0],
                [0.671979, -0.366424, -0.643566, 0.067966, 0.628332, -0.17786, 0.75734, 0.091252, -0.391972, -0.913291, 0.110717, -0.047849, 0.0, 0.0, 0.0, 1.0],
                [0.717393, -0.38015, -0.583809, 0.068926, 0.56893, -0.163963, 0.805875, 0.086642, -0.402076, -0.910276, 0.098653, -0.050042, 0.0, 0.0, 0.0, 1.0],
                [0.761378, -0.379348, -0.525738, 0.069886, 0.505919, -0.159436, 0.847718, 0.082031, -0.4054, -0.911415, 0.070528, -0.052234, 0.0, 0.0, 0.0, 1.0],
                [0.805086, -0.371195, -0.462658, 0.070846, 0.436331, -0.157761, 0.885848, 0.07742, -0.401812, -0.915056, 0.034953, -0.054427, 0.0, 0.0, 0.0, 1.0],
                [0.848749, -0.351405, -0.395145, 0.080328, 0.358912, -0.165947, 0.918501, 0.072713, -0.388338, -0.9214, -0.014724, -0.051347, 0.0, 0.0, 0.0, 1.0],
                [0.889503, -0.318402, -0.327726, 0.08981, 0.279443, -0.1884, 0.941498, 0.068006, -0.361518, -0.929046, -0.078607, -0.048265, 0.0, 0.0, 0.0, 1.0],
                [0.923123, -0.27413, -0.269622, 0.099292, 0.208477, -0.23236, 0.950024, 0.063299, -0.323079, -0.933201, -0.157347, -0.045185, 0.0, 0.0, 0.0, 1.0],
                [0.948319, -0.224022, -0.224735, 0.108774, 0.153858, -0.294791, 0.943094, 0.058592, -0.277524, -0.928931, -0.245089, -0.042104, 0.0, 0.0, 0.0, 1.0],
                [0.966692, -0.167873, -0.193202, 0.118255, 0.119057, -0.373279, 0.920048, 0.053885, -0.22657, -0.912404, -0.340859, -0.039023, 0.0, 0.0, 0.0, 1.0],
                [0.980464, -0.106663, -0.165272, 0.127737, 0.098376, -0.461689, 0.88157, 0.049178, -0.170335, -0.880606, -0.442176, -0.035942, 0.0, 0.0, 0.0, 1.0],
                [0.989056, -0.047569, -0.139661, 0.137219, 0.090756, -0.550171, 0.830106, 0.044471, -0.116324, -0.833697, -0.539833, -0.032861, 0.0, 0.0, 0.0, 1.0],
                [0.993522, 0.003502, -0.113577, 0.124589, 0.090038, -0.634004, 0.768071, 0.040737, -0.069318, -0.773324, -0.630212, -0.020436, 0.0, 0.0, 0.0, 1.0],
                [0.995087, 0.043712, -0.088814, 0.111959, 0.093392, -0.711969, 0.695974, 0.037004, -0.032811, -0.700851, -0.712554, -0.008009, 0.0, 0.0, 0.0, 1.0],
                [0.995086, 0.074375, -0.065322, 0.099329, 0.098851, -0.781345, 0.616224, 0.03327, -0.005207, -0.619656, -0.784858, 0.004418, 0.0, 0.0, 0.0, 1.0],
                [0.99222, 0.110087, -0.058084, 0.0867, 0.122069, -0.769439, 0.626951, 0.029537, 0.024327, -0.629168, -0.776891, 0.016843, 0.0, 0.0, 0.0, 1.0],
                [0.99231, 0.119884, -0.030649, 0.07407, 0.117232, -0.831587, 0.542887, 0.025803, 0.039596, -0.54231, -0.839246, 0.029269, 0.0, 0.0, 0.0, 1.0],
                [0.992028, 0.125479, -0.011217, 0.06144, 0.124892, -0.96791, 0.218087, 0.02207, 0.016508, -0.217752, -0.975865, 0.041696, 0.0, 0.0, 0.0, 1.0],
                [0.95207, 0.221731, 0.21069, 0.08045, 0.208131, -0.974409, 0.084949, 0.038361, 0.224132, -0.037027, -0.973855, 0.03502, 0.0, 0.0, 0.0, 1.0],
                [0.86071, 0.267312, 0.433264, 0.09946, 0.232709, -0.963527, 0.132167, 0.054652, 0.452788, -0.012933, -0.891523, 0.028344, 0.0, 0.0, 0.0, 1.0]
            ]
        },
        {
            "name": "Leg_R",
            "time": [0.0, 0.0333, 0.0667, 0.1, 0.1333, 0.1667, 0.2, 0.2333, 0.2667, 0.3, 0.3333, 0.3667, 0.4, 0.4333, 0.4667, 0.5, 0.5333, 0.5667, 0.6, 0.6333, 0.6667, 0.7, 0.7333, 0.7667, 0.8, 0.8333, 0.8667, 0.9, 0.9333, 0.9667, 1.0, 1.0333, 1.0667, 1.1, 1.1333, 1.1667, 1.2, 1.2333, 1.2667, 1.3, 1.3333, 1.3667, 1.4, 1.4333, 1.4667, 1.5, 1.5333, 1.5667, 1.6, 1.6333, 1.6667, 1.7, 1.8, 1.9, 2.0],
            "transform": [
                [0.999997, -0.001676, 0.001007, 0.0, 0.001004, 0.882079, 0.471135, 0.37472, -0.001678, -0.47116, 0.882029, 0.0, 0.0, 0.0, 0.0, 1.0],
                [0.999991, -0.001871, -0.000562, 0.0, -0.000562, -0.550781, 0.83464, 0.37472, -0.001871, -0.834687, -0.550749, -0.0, 0.0, 0.0, 0.0, 1.0],
                [0.999991, -0.001734, -0.000905, -0.0, -0.000906, -0.820629, 0.571481, 0.37472, -0.001734, -0.571508, -0.820589, -0.0, 0.0, 0.0, 0.0, 1.0],
                [0.999989, -0.001679, -0.001004, -0.0, -0.001004, -0.880735, 0.473648, 0.37472, -0.001679, -0.473668, -0.880693, -0.0, 0.0, 0.0, 0.0, 1.0],
                [0.999989, -0.001713, -0.000948, 0.0, -0.000948, -0.847286, 0.531164, 0.37472, -0.001714, -0.531188, -0.847245, -0.0, 0.0, 0.0, 0.0, 1.0],
                [1.0, -0.001788, 0.000799, 0.0, 0.000804, 0.746837, 0.665011, 0.37472, -0.001786, -0.665046, 0.746795, 0.0, 0.0, 0.0, 0.0, 1.0],
                [0.999989, -0.001946, -0.00022, -0.0, -0.000222, -0.224195, 0.97452, 0.37472, -0.001946, -0.974579, -0.224182, 0.0, 0.0, 0.0, 0.0, 1.0],
                [0.999993, -0.001956, -0.000101, 0.0, -0.000105, -0.105316, 0.994405, 0.37472, -0.001955, -0.994476, -0.105309, -0.0, 0.0, 0.0, 0.0, 1.0],
                [0.999989, -0.001713, 0.000946, 0.0, 0.000943, 0.845378, 0.5342, 0.37472, -0.001714, -0.534231, 0.845327, -0.0, 0.0, 0.0, 0.0, 1.0],
                [0.99999, -0.001645, 0.001058, 0.0, 0.001055, 0.909178, 0.416462, 0.37472, -0.001647, -0.416484, 0.909125, -0.0, 0.0, 0.0, 0.0, 1.0],
                [0.999989, -0.001639, 0.001066, -0.0, 0.001063, 0.913253, 0.407448, 0.37472, -0.001641, -0.407469, 0.913202, -0.0, 0.0, 0.0, 0.0, 1.0],
                [0.999989, -0.001652, 0.001045, -0.0, 0.001042, 0.902887, 0.429929, 0.37472, -0.001654, -0.429951, 0.902835, 0.0, 0.0, 0.0, 0.0, 1.0],
                [0.999991, -0.001755, 0.000861, 0.0, 0.000857, 0.789601, 0.613638, 0.37472, -0.001757, -0.613672, 0.789554, -0.0, 0.0, 0.0, 0.0, 1.0],
                [0.999993, -0.001948, 0.000185, -0.0, 0.000179, 0.184985, 0.982711, 0.37472, -0.001948, -0.982777, 0.184973, 0.0, 0.0, 0.0, 0.0, 1.0],
                [0.999995, -0.001845, -0.000654, -0.0, -0.000657, -0.631282, 0.775546, 0.37472, -0.001844, -0.775599, -0.631237, 0.0, 0.0, 0.0, 0.0, 1.0],
                [0.999997, -0.001706, -0.000956, -0.0, -0.000957, -0.853338, 0.521388, 0.37472, -0.001705, -0.52142, -0.853282, 0.0, 0.0, 0.0, 0.0, 1.0],
                [0.99999, -0.001927, -0.000348, 0.0, -0.000349, -0.350283, 0.936626, 0.37472, -0.001927, -0.936677, -0.350263, 0.0, 0.0, 0.0, 0.0, 1.0],
                [0.999991, -0.001935, 0.000288, 0.0, 0.000285, 0.289865, 0.957044, 0.37472, -0.001935, -0.957102, 0.289847, 0.0, 0.0, 0.0, 0.0, 1.0],
                [0.999992, -0.00178, 0.000805, -0.0, 0.000802, 0.749778, 0.6617, 0.37472, -0.001781, -0.661739, 0.749731, -0.0, 0.0, 0.0, 0.0, 1.0],
                [0.999994, -0.001605, 0.001114, 0.0, 0.001111, 0.93624, 0.351431, 0.374719, -0.001607, -0.35145, 0.936183, 0.0, 0.0, 0.0, 0.0, 1.0],
                [0.999994, -0.001623, 0.001087, 0.0, 0.001084, 0.924114, 0.382176, 0.374721, -0.001625, -0.382198, 0.924058, 0.0, 0.0, 0.0, 0.0, 1.0],
                [0.999993, -0.001694, 0.000971, 0.0, 0.000968, 0.862181, 0.506633, 0.37472, -0.001695, -0.506662, 0.862128, 0.0, 0.0, 0.0, 0.0, 1.0],
                [0.999992, -0.001777, 0.00081, 0.0, 0.000807, 0.753674, 0.657259, 0.37472, -0.001779, -0.657298, 0.753627, -0.0, 0.0, 0.0, 0.0, 1.0],
                [0.999991, -0.001836, 0.000664, 0.0, 0.000661, 0.638376, 0.769721, 0.37472, -0.001837, -0.769768, 0.638336, -0.0, 0.0, 0.0, 0.0, 1.0],
                [0.999991, -0.00187, 0.000562, -0.0, 0.000559, 0.550128, 0.835069, 0.37472, -0.00187, -0.835121, 0.550093, 0.0, 0.0, 0.0, 0.0, 1.0],
                [0.999991, -0.00189, 0.000487, 0.0, 0.000485, 0.482205, 0.876043, 0.37472, -0.001891, -0.876098, 0.482174, 0.0, 0.0, 0.0, 0.0, 1.0],
                [0.999991, -0.001904, 0.000431, -0.0, 0.000429, 0.429607, 0.902997, 0.374721, -0.001904, -0.903054, 0.429579, 0.0, 0.0, 0.0, 0.0, 1.0],
                [0.99999, -0.001913, 0.00039, 0.0, 0.000387, 0.389826, 0.920868, 0.37472, -0.001914, -0.920926, 0.389801, -0.0, 0.0, 0.0, 0.0, 1.0],
                [0.99999, -0.00192, 0.000354, -0.0, 0.000352, 0.355783, 0.934547, 0.37472, -0.00192, -0.934606, 0.355759, -0.0, 0.0, 0.0, 0.0, 1.0],
                [0.99999, -0.001926, 0.000323, -0.0, 0.000321, 0.325461, 0.945532, 0.37472, -0.001926, -0.945592, 0.32544, -0.0, 0.0, 0.0, 0.0, 1.0],
                [0.999991, -0.001931, 0.000293, 0.0, 0.00029, 0.294801, 0.955535, 0.37472, -0.001931, -0.955595, 0.294782, -0.0, 0.0, 0.0, 0.0, 1.0],
                [0.99999, -0.001935, 0.000258, -0.0, 0.000255, 0.260759, 0.965378, 0.374719, -0.001936, -0.96544, 0.260742, 0.0, 0.0, 0.0, 0.0, 1.0],
                [0.99999, -0.001941, 0.000218, 0.0, 0.000215, 0.220411, 0.975381, 0.37472, -0.001941, -0.975443, 0.220397, -0.0, 0.0, 0.0, 0.0, 1.0],
                [0.999991, -0.001945, 0.000178, 0.0, 0.000175, 0.179683, 0.983697, 0.37472, -0.001945, -0.98376, 0.179671, -0.0, 0.0, 0.0, 0.0, 1.0],
                [0.999989, -0.001952, 5.7e-05, -0.0, 5.4e-05, 0.056814, 0.998356, 0.37472, -0.001952, -0.998421, 0.056811, -0.0, 0.0, 0.0, 0.0, 1.0],
                [0.99999, -0.001952, -7.5e-05, -0.0, -7.5e-05, -0.076451, 0.997043, 0.37472, -0.001952, -0.997109, -0.076446, 0.0, 0.0, 0.0, 0.0, 1.0],
                [0.999991, -0.001945, -0.000183, -0.0, -0.000183, -0.186743, 0.98238, 0.37472, -0.001945, -0.982445, -0.186731, -0.0, 0.0, 0.0, 0.0, 1.0],
                [0.999992, -0.001936, -0.000263, 0.0, -0.000263, -0.266624, 0.963775, 0.37472, -0.001936, -0.963836, -0.266606, -0.0, 0.0, 0.0, 0.0, 1.0],
                [0.999991, -0.001928, -0.000317, -0.0, -0.000317, -0.320003, 0.947392, 0.37472, -0.001928, -0.947453, -0.319982, -0.0, 0.0, 0.0, 0.0, 1.0],
                [0.999991, -0.001921, -0.000366, -0.0, -0.000367, -0.368263, 0.9297, 0.374719, -0.001921, -0.929758, -0.36824, -0.0, 0.0, 0.0, 0.0, 1.0],
                [0.99999, -0.001915, -0.000404, 0.0, -0.000406, -0.404991, 0.914302, 0.37472, -0.001914, -0.914358, -0.404966, 0.0, 0.0, 0.0, 0.0, 1.0],
                [0.99999, -0.001912, -0.000425, -0.0, -0.000427, -0.424425, 0.905446, 0.37472, -0.001911, -0.905499, -0.4244, 0.0, 0.0, 0.0, 0.0, 1.0],
                [0.99999, -0.001914, -0.000421, -0.0, -0.000422, -0.419971, 0.90752, 0.374721, -0.001914, -0.907573, -0.419946, 0.0, 0.0, 0.0, 0.0, 1.0],
                [0.99999, -0.001921, -0.000384, -0.0, -0.000387, -0.386002, 0.922479, 0.37472, -0.00192, -0.922533, -0.385978, -0.0, 0.0, 0.0, 0.0, 1.0],
                [0.999991, -0.001936, -0.00031, -0.0, -0.000312, -0.313545, 0.949551, 0.374719, -0.001936, -0.949608, -0.313526, 0.0, 0.0, 0.0, 0.0, 1.0],
                [0.999991, -0.001951, -0.000194, 0.0, -0.000198, -0.199035, 0.979966, 0.37472, -0.00195, -0.980027, -0.199022, -0.0, 0.0, 0.0, 0.0, 1.0],
                [0.999991, -0.00196, -4.6e-05, -0.0, -5e-05, -0.049206, 0.998759, 0.37472, -0.001959, -0.998823, -0.049203, -0.0, 0.0, 0.0, 0.0, 1.0],
                [0.99999, -0.001954, 0.000129, -0.0, 0.000127, 0.130291, 0.991447, 0.37472, -0.001954, -0.991513, 0.130282, -0.0, 0.0, 0.0, 0.0, 1.0],
                [0.99999, -0.001932, 0.000316, 0.0, 0.000312, 0.316785, 0.948473, 0.37472, -0.001932, -0.948535, 0.316764, 0.0, 0.0, 0.0, 0.0, 1.0],
                [0.999989, -0.001889, 0.000509, -0.0, 0.000505, 0.501019, 0.865422, 0.37472, -0.00189, -0.865477, 0.500986, -0.0, 0.0, 0.0, 0.0, 1.0],
                [0.999989, -0.001829, 0.000691, 0.0, 0.000688, 0.660051, 0.751222, 0.37472, -0.001831, -0.751267, 0.660009, 0.0, 0.0, 0.0, 0.0, 1.0],
                [0.99999, -0.00193, 0.000308, -0.0, 0.00083, 0.562185, 0.827003, 0.37472, -0.001769, -0.827052, 0.562151, 0.0, 0.0, 0.0, 0.0, 1.0],
                [0.999968, -0.005216, 0.004409, -0.0, 0.00048, 0.697706, 0.716389, 0.37472, -0.006813, -0.716414, 0.697649, -0.0, 0.0, 0.0, 0.0, 1.0],
                [0.999992, -0.001722, 0.000943, 0.0, 0.000977, 0.853078, 0.521801, 0.37472, -0.001703, -0.521815, 0.853053, -0.0, 0.0, 0.0, 0.0, 1.0],
                [0.999994, -0.001635, 0.00107, 0.0, 0.001067, 0.915621, 0.402044, 0.37472, -0.001637, -0.402041, 0.915623, -0.0, 0.0, 0.0, 0.0, 1.0]
            ]
        },
        {
            "name": "Knee_R",
            "time": [0.0, 1.6667, 2.0],
            "transform": [
                [1.0, 0.0, -0.0, 0.0, -1e-06, 0.0, -1.0, 0.37472, -0.0, 1.0, 0.0, 0.0, 0.0, 0.0, 0.0, 1.0],
                [1.0, 0.0, -0.0, 0.0, -0.0, 0.0, -1.0, 0.37472, -0.0, 1.0, 0.0, 0.0, 0.0, 0.0, 0.0, 1.0],
                [1.0, 0.0, -0.0, 0.0, -0.0, 0.0, -1.0, 0.37472, -0.0, 1.0, 0.0, -0.0, 0.0, 0.0, 0.0, 1.0]
            ]
        },
        {
            "name": "Thigh_L",
            "time": [0.0, 0.0333, 0.0667, 0.1, 0.1333, 0.1667, 0.2, 0.2333, 0.2667, 0.3, 0.3333, 0.3667, 0.4, 0.4333, 0.4667, 0.5, 0.5333, 0.5667, 0.6, 0.6333, 0.6667, 0.7, 0.7333, 0.7667, 0.8, 0.8333, 0.8667, 0.9, 0.9333, 0.9667, 1.0, 1.0333, 1.0667, 1.1, 1.1333, 1.1667, 1.2, 1.2333, 1.2667, 1.3, 1.3333, 1.3667, 1.4, 1.4333, 1.4667, 1.5, 1.5333, 1.5667, 1.6, 1.6333, 1.6667, 1.7, 1.7333, 2.0],
            "transform": [
                [0.943201, -0.313501, 0.109944, -0.045577, -0.309833, -0.710645, 0.631655, 0.019086, -0.119893, -0.629843, -0.767414, -0.090778, 0.0, 0.0, 0.0, 1.0],
                [0.875454, 0.466899, -0.12484, -0.001184, 0.482623, -0.830872, 0.276995, -0.044589, 0.025603, -0.302747, -0.952727, -0.093228, 0.0, 0.0, 0.0, 1.0],
                [0.682124, 0.676647, 0.277228, -0.011584, 0.634775, -0.736139, 0.234859, -0.05092, 0.362995, 0.015774, -0.931657, -0.089187, 0.0, 0.0, 0.0, 1.0],
                [0.323491, 0.67103, 0.667138, -0.02573, 0.807938, -0.562871, 0.174389, -0.054184, 0.492532, 0.482593, -0.724235, -0.084165, 0.0, 0.0, 0.0, 1.0],
                [0.409775, 0.220808, 0.885058, -0.047017, 0.796578, -0.55938, -0.229253, -0.053015, 0.444463, 0.798961, -0.405111, -0.07524, 0.0, 0.0, 0.0, 1.0],
                [0.601854, 0.443657, 0.664034, -0.039012, 0.712242, -0.674294, -0.195036, -0.057348, 0.361225, 0.590336, -0.721817, -0.086067, 0.0, 0.0, 0.0, 1.0],
                [0.807956, 0.532402, 0.252495, -0.084399, 0.572401, -0.810868, -0.121855, -0.048517, 0.139865, 0.242983, -0.959894, -0.034727, 0.0, 0.0, 0.0, 1.0],
                [0.942495, 0.303158, -0.140699, -0.094141, 0.311652, -0.949253, 0.042345, -0.041271, -0.120722, -0.08376, -0.989146, -0.01084, 0.0, 0.0, 0.0, 1.0],
                [0.916642, -0.281598, 0.283671, -0.100419, -0.38977, -0.786994, 0.478247, -0.022076, 0.088574, -0.548949, -0.83115, -0.010586, 0.0, 0.0, 0.0, 1.0],
                [0.859698, -0.473418, 0.191816, -0.101286, -0.430143, -0.468436, 0.771715, -0.009081, -0.27549, -0.745952, -0.606351, -0.018496, 0.0, 0.0, 0.0, 1.0],
                [0.845219, -0.518621, 0.128978, -0.101761, -0.399387, -0.452629, 0.797256, -0.008704, -0.355094, -0.72537, -0.589701, -0.015891, 0.0, 0.0, 0.0, 1.0],
                [0.842748, -0.534015, 0.067842, -0.102157, -0.379109, -0.499311, 0.779079, -0.010333, -0.382165, -0.682288, -0.623244, -0.011863, 0.0, 0.0, 0.0, 1.0],
                [0.858455, -0.511565, -0.036816, -0.102355, -0.290569, -0.544242, 0.787, -0.012053, -0.422638, -0.664908, -0.615853, -0.007859, 0.0, 0.0, 0.0, 1.0],
                [0.859617, -0.340351, -0.381077, -0.102375, 0.177335, -0.500733, 0.847242, -0.013582, -0.479177, -0.795883, -0.370082, -0.004298, 0.0, 0.0, 0.0, 1.0],
                [0.782838, -0.418853, -0.460137, -0.102021, 0.365461, -0.288993, 0.884828, -0.01573, -0.503589, -0.86084, -0.07316, 0.005277, 0.0, 0.0, 0.0, 1.0],
                [0.824568, -0.52847, 0.202004, -0.096076, -0.280916, -0.07251, 0.956989, -0.023603, -0.491092, -0.84585, -0.208245, 0.029929, 0.0, 0.0, 0.0, 1.0],
                [0.809846, -0.579294, 0.092558, -0.082493, -0.511029, -0.619148, 0.596243, -0.038636, -0.288093, -0.530165, -0.797451, 0.048839, 0.0, 0.0, 0.0, 1.0],
                [0.938708, -0.344637, -0.007197, -0.071258, -0.165105, -0.467837, 0.868255, -0.050522, -0.3026, -0.813851, -0.496064, 0.055249, 0.0, 0.0, 0.0, 1.0],
                [0.779448, -0.426928, -0.458468, -0.064193, 0.272939, -0.427298, 0.861928, -0.057201, -0.563883, -0.796963, -0.216531, 0.057357, 0.0, 0.0, 0.0, 1.0],
                [0.23119, -0.742879, -0.628237, -0.056362, 0.780077, -0.244343, 0.575999, -0.063369, -0.581402, -0.62324, 0.523014, 0.059072, 0.0, 0.0, 0.0, 1.0],
                [0.338973, -0.738507, -0.582842, -0.048972, 0.735691, -0.178064, 0.653491, -0.068443, -0.586391, -0.650309, 0.482954, 0.059996, 0.0, 0.0, 0.0, 1.0],
                [0.56368, -0.680506, -0.468163, -0.0428, 0.582733, -0.074063, 0.809281, -0.0721, -0.585394, -0.72899, 0.354805, 0.060429, 0.0, 0.0, 0.0, 1.0],
                [0.697636, -0.622966, -0.35386, -0.038955, 0.348815, -0.136083, 0.927259, -0.074262, -0.625806, -0.770321, 0.122364, 0.060414, 0.0, 0.0, 0.0, 1.0],
                [0.718503, -0.621899, -0.311441, -0.037207, 0.185446, -0.260276, 0.947558, -0.075474, -0.670345, -0.738579, -0.071681, 0.06001, 0.0, 0.0, 0.0, 1.0],
                [0.722581, -0.632176, -0.279697, -0.036136, 0.073846, -0.331699, 0.94049, -0.076261, -0.68733, -0.700236, -0.192996, 0.059669, 0.0, 0.0, 0.0, 1.0],
                [0.710289, -0.652696, -0.263583, -0.035774, 0.025285, -0.350557, 0.9362, -0.076738, -0.703455, -0.671638, -0.232493, 0.059274, 0.0, 0.0, 0.0, 1.0],
                [0.684351, -0.679449, -0.264597, -0.035912, 0.031996, -0.334551, 0.941834, -0.077019, -0.728449, -0.653013, -0.207211, 0.058823, 0.0, 0.0, 0.0, 1.0],
                [0.651178, -0.707814, -0.273802, -0.036659, 0.073702, -0.300091, 0.951059, -0.077036, -0.755338, -0.639488, -0.143245, 0.05834, 0.0, 0.0, 0.0, 1.0],
                [0.612994, -0.734423, -0.291307, -0.037399, 0.138137, -0.2634, 0.954745, -0.077056, -0.777917, -0.625495, -0.060012, 0.057842, 0.0, 0.0, 0.0, 1.0],
                [0.574036, -0.75963, -0.305688, -0.038436, 0.202411, -0.230097, 0.951885, -0.076941, -0.793418, -0.608291, 0.021674, 0.057315, 0.0, 0.0, 0.0, 1.0],
                [0.537112, -0.78218, -0.315761, -0.039464, 0.25372, -0.207194, 0.944826, -0.076824, -0.804447, -0.587593, 0.087168, 0.056768, 0.0, 0.0, 0.0, 1.0],
                [0.503954, -0.800432, -0.324561, -0.0403, 0.284103, -0.201242, 0.937436, -0.076809, -0.815668, -0.564634, 0.125989, 0.056199, 0.0, 0.0, 0.0, 1.0],
                [0.479856, -0.813834, -0.327738, -0.041127, 0.283482, -0.209695, 0.93577, -0.076792, -0.830287, -0.541943, 0.130084, 0.055619, 0.0, 0.0, 0.0, 1.0],
                [0.47256, -0.823973, -0.312659, -0.045326, 0.142375, -0.278734, 0.949756, -0.074968, -0.869721, -0.493332, -0.014405, 0.054841, 0.0, 0.0, 0.0, 1.0],
                [0.457212, -0.834285, -0.308099, -0.052291, -0.030718, -0.361036, 0.932046, -0.070813, -0.888827, -0.416678, -0.190698, 0.05416, 0.0, 0.0, 0.0, 1.0],
                [0.423999, -0.83826, -0.34285, -0.059336, -0.1888, -0.452057, 0.871779, -0.065271, -0.885764, -0.304904, -0.349935, 0.053864, 0.0, 0.0, 0.0, 1.0],
                [0.39343, -0.820057, -0.415595, -0.065076, -0.277697, -0.536938, 0.796606, -0.059299, -0.876411, -0.198, -0.438975, 0.05414, 0.0, 0.0, 0.0, 1.0],
                [0.383578, -0.793852, -0.471877, -0.068975, -0.302457, -0.590769, 0.748005, -0.054009, -0.872574, -0.144196, -0.466712, 0.054845, 0.0, 0.0, 0.0, 1.0],
                [0.432697, -0.709989, -0.555598, -0.071293, -0.279155, -0.691503, 0.666255, -0.050174, -0.857231, -0.133189, -0.497409, 0.055522, 0.0, 0.0, 0.0, 1.0],
                [0.487835, -0.674459, -0.554186, -0.072723, -0.332724, -0.730593, 0.596262, -0.047326, -0.807039, -0.106487, -0.580817, 0.056163, 0.0, 0.0, 0.0, 1.0],
                [0.542858, -0.625666, -0.56022, -0.073945, -0.374879, -0.77745, 0.505012, -0.044921, -0.751512, -0.064135, -0.656595, 0.05654, 0.0, 0.0, 0.0, 1.0],
                [0.591664, -0.573219, -0.566881, -0.075421, -0.388117, -0.818844, 0.422917, -0.042619, -0.706611, -0.030209, -0.706957, 0.056376, 0.0, 0.0, 0.0, 1.0],
                [0.635282, -0.533414, -0.558467, -0.077504, -0.374619, -0.845212, 0.38115, -0.040154, -0.675335, -0.032926, -0.736776, 0.05535, 0.0, 0.0, 0.0, 1.0],
                [0.672047, -0.525332, -0.521899, -0.080465, -0.338579, -0.84479, 0.414359, -0.037107, -0.658571, -0.101765, -0.745605, 0.053211, 0.0, 0.0, 0.0, 1.0],
                [0.705693, -0.535104, -0.464392, -0.084183, -0.283399, -0.813908, 0.507186, -0.033167, -0.64937, -0.226309, -0.726018, 0.049962, 0.0, 0.0, 0.0, 1.0],
                [0.741849, -0.537667, -0.400716, -0.0882, -0.221174, -0.76033, 0.610721, -0.02833, -0.63304, -0.364436, -0.682969, 0.045838, 0.0, 0.0, 0.0, 1.0],
                [0.782632, -0.519344, -0.343175, -0.092033, -0.159283, -0.700024, 0.696128, -0.022986, -0.601761, -0.49015, -0.630584, 0.041048, 0.0, 0.0, 0.0, 1.0],
                [0.822839, -0.482258, -0.300603, -0.095388, -0.111383, -0.655583, 0.746863, -0.017132, -0.55725, -0.581067, -0.593155, 0.035931, 0.0, 0.0, 0.0, 1.0],
                [0.860231, -0.429738, -0.274457, -0.098066, -0.081034, -0.646627, 0.758489, -0.011225, -0.503423, -0.630236, -0.591073, 0.030664, 0.0, 0.0, 0.0, 1.0],
                [0.889098, -0.366047, -0.2748, -0.100002, -0.099742, -0.740883, 0.664186, -0.005763, -0.446718, -0.563117, -0.695228, 0.025494, 0.0, 0.0, 0.0, 1.0],
                [0.91451, -0.281894, -0.290183, -0.101267, -0.084122, -0.834099, 0.545161, -0.000933, -0.395719, -0.474145, -0.786506, 0.020676, 0.0, 0.0, 0.0, 1.0],
                [0.931799, -0.248345, -0.264718, -0.102005, -0.080392, -0.852389, 0.516692, 0.003117, -0.35396, -0.460172, -0.81422, 0.016391, 0.0, 0.0, 0.0, 1.0],
                [0.945546, -0.204551, -0.25318, -0.102466, -0.078748, -0.89851, 0.431832, 0.005216, -0.315817, -0.388381, -0.865691, 0.012536, 0.0, 0.0, 0.0, 1.0],
                [0.98478, -0.167792, 0.045336, -0.125819, -0.173738, -0.942844, 0.284364, 0.049396, -0.004969, -0.287913, -0.957644, -0.045739, 0.0, 0.0, 0.0, 1.0]
            ]
        },
        {
            "name": "Leg_L",
            "time": [0.0, 0.0333, 0.0667, 0.1, 0.1333, 0.1667, 0.2, 0.2333, 0.2667, 0.3, 0.3333, 0.3667, 0.4, 0.4333, 0.4667, 0.5, 0.5333, 0.5667, 0.6, 0.6333, 0.6667, 0.7, 0.7333, 0.7667, 0.8, 0.8333, 0.8667, 0.9, 0.9333, 0.9667, 1.0, 1.0333, 1.0667, 1.1, 1.1333, 1.1667, 1.2, 1.2333, 1.2667, 1.3, 1.3333, 1.3667, 1.4, 1.4333, 1.4667, 1.5, 1.5333, 1.5667, 1.6, 1.6333, 1.6667, 1.7, 1.7333, 2.0],
            "transform": [
                [1.0, -0.001923, 0.000365, 0.0, 0.00036, 0.363963, 0.931414, 0.37472, -0.001924, -0.931408, 0.363964, 0.0, 0.0, 0.0, 0.0, 1.0],
                [0.999999, -0.00182, -0.000715, -0.0, -0.000718, -0.681631, 0.731696, 0.37472, -0.001819, -0.731691, -0.681633, -0.0, 0.0, 0.0, 0.0, 1.0],
                [0.999999, -0.001911, -0.000419, 0.0, -0.000421, -0.419215, 0.907888, 0.37472, -0.001911, -0.907883, -0.419216, 0.0, 0.0, 0.0, 0.0, 1.0],
                [0.999999, -0.00195, 0.000142, -0.0, 0.00014, 0.143897, 0.989594, 0.37472, -0.001951, -0.989588, 0.143898, 0.0, 0.0, 0.0, 0.0, 1.0],
                [0.999999, -0.001815, 0.000727, -0.0, 0.000723, 0.688756, 0.724992, 0.37472, -0.001816, -0.724987, 0.688759, -0.0, 0.0, 0.0, 0.0, 1.0],
                [0.999999, -0.001909, 0.000425, 0.0, 0.000421, 0.422189, 0.906508, 0.37472, -0.00191, -0.906503, 0.422191, -0.0, 0.0, 0.0, 0.0, 1.0],
                [0.999999, -0.001955, -6.7e-05, 0.0, -6.9e-05, -0.069106, 0.997611, 0.37472, -0.001955, -0.997605, -0.069107, -0.0, 0.0, 0.0, 0.0, 1.0],
                [0.999999, -0.001881, -0.000537, 0.0, -0.00054, -0.529085, 0.848569, 0.37472, -0.00188, -0.848564, -0.529087, 0.0, 0.0, 0.0, 0.0, 1.0],
                [0.999999, -0.001759, -0.000856, -0.0, -0.000858, -0.787776, 0.61596, 0.37472, -0.001758, -0.615956, -0.787779, -0.0, 0.0, 0.0, 0.0, 1.0],
                [0.999999, -0.001608, -0.001115, -0.0, -0.001116, -0.9367, 0.350125, 0.37472, -0.001607, -0.350121, -0.936704, -0.0, 0.0, 0.0, 0.0, 1.0],
                [0.999999, -0.001588, -0.001142, 0.0, -0.001143, -0.948394, 0.317085, 0.37472, -0.001587, -0.317082, -0.948398, 0.0, 0.0, 0.0, 0.0, 1.0],
                [0.999999, -0.001598, -0.001128, 0.0, -0.001129, -0.942463, 0.334305, 0.37472, -0.001598, -0.334301, -0.942466, 0.0, 0.0, 0.0, 0.0, 1.0],
                [0.999999, -0.001634, -0.001075, -0.0, -0.001075, -0.918324, 0.395823, 0.37472, -0.001634, -0.39582, -0.918328, -0.0, 0.0, 0.0, 0.0, 1.0],
                [0.999999, -0.001777, -0.000818, 0.0, -0.00082, -0.76039, 0.649465, 0.37472, -0.001776, -0.64946, -0.760393, 0.0, 0.0, 0.0, 0.0, 1.0],
                [0.999999, -0.001878, -0.000544, -0.0, -0.000546, -0.535576, 0.844488, 0.37472, -0.001878, -0.844483, -0.535578, -0.0, 0.0, 0.0, 0.0, 1.0],
                [1.0, -0.00162, -0.001096, -0.0, -0.001097, -0.928328, 0.371754, 0.374719, -0.00162, -0.37175, -0.928333, -0.0, 0.0, 0.0, 0.0, 1.0],
                [0.999999, -0.001636, -0.001072, 0.0, -0.001073, -0.916921, 0.399061, 0.37472, -0.001636, -0.399057, -0.916925, -0.0, 0.0, 0.0, 0.0, 1.0],
                [1.0, -0.001513, -0.00124, -0.0, -0.00124, -0.980476, 0.196624, 0.374721, -0.001513, -0.196621, -0.98048, -0.0, 0.0, 0.0, 0.0, 1.0],
                [0.999999, -0.001557, -0.001184, 0.0, -0.001185, -0.963698, 0.266985, 0.37472, -0.001557, -0.266982, -0.963702, 0.0, 0.0, 0.0, 0.0, 1.0],
                [0.999999, -0.001683, -0.000998, 0.0, -0.001, -0.877992, 0.478671, 0.37472, -0.001682, -0.478667, -0.877996, 0.0, 0.0, 0.0, 0.0, 1.0],
