{
    "animation": [
        {
            "name": "Root",
            "time": [0.0, 0.0667, 0.1, 0.1333, 0.1667, 0.2, 0.2333, 0.2667, 0.3, 0.3333, 0.3667, 0.4, 0.4333, 0.4667, 0.5, 0.5333, 0.5667, 0.6, 0.6333, 0.7, 0.7333, 0.7667, 0.8, 0.8333, 0.8667, 0.9, 0.9333, 0.9667, 1.0, 1.0333, 1.0667, 1.1, 1.1333, 1.1667, 1.2, 1.2333, 1.2667, 1.3, 1.3333, 1.3667, 1.4, 1.4333, 1.4667, 1.5, 1.5333, 1.5667, 1.6, 1.6333, 1.6667, 1.7, 1.7333, 1.7667, 1.8, 1.8333, 1.8667, 1.9, 1.9333, 1.9667, 2.0, 2.0333, 2.0667, 2.1, 2.1333, 2.1667, 2.2, 2.3, 2.5],
            "transform": [
                [0.999994, -0.000678, 0.003381, -0.001522, 0.003384, 0.003851, -0.999987, -0.003202, 0.000665, 0.999992, 0.003854, 0.72392, 0.0, 0.0, 0.0, 1.0],
                [-0.0, 0.0, 1.0, -2.2e-05, 1.0, -0.0, 0.0, 4.1e-05, 0.0, 1.0, -0.0, 0.499356, 0.0, 0.0, 0.0, 1.0],
                [-0.0, 0.0, 1.0, -2.2e-05, 1.0, -0.0, 0.0, 4.1e-05, 0.0, 1.0, -0.0, 0.499356, 0.0, 0.0, 0.0, 1.0],
                [-0.0, 0.0, 1.0, -2.2e-05, 1.0, -0.0, 0.0, 4.1e-05, 0.0, 1.0, -0.0, 0.499356, 0.0, 0.0, 0.0, 1.0],
                [-0.0, 0.0, 1.0, -2.2e-05, 1.0, -0.0, 0.0, 4.1e-05, 0.0, 1.0, -0.0, 0.499356, 0.0, 0.0, 0.0, 1.0],
                [-0.0, 0.0, 1.0, -2.2e-05, 1.0, -0.0, 0.0, 4.1e-05, 0.0, 1.0, -0.0, 0.499356, 0.0, 0.0, 0.0, 1.0],
                [-0.0, 0.0, 1.0, -2.2e-05, 1.0, -0.0, 0.0, 4.1e-05, 0.0, 1.0, 0.0, 0.499356, 0.0, 0.0, 0.0, 1.0],
                [-0.0, 0.0, 1.0, 0.003441, 1.0, -0.0, 0.0, 0.000109, 0.0, 1.0, -0.0, 0.491593, 0.0, 0.0, 0.0, 1.0],
                [-0.0, 0.0, 1.0, 0.003461, 1.0, -0.0, 0.0, 0.007025, 0.0, 1.0, -0.0, 0.491593, 0.0, 0.0, 0.0, 1.0],
                [-0.0, 0.0, 1.0, 0.003513, 1.0, -0.0, 0.0, 0.025607, 0.0, 1.0, -0.0, 0.491593, 0.0, 0.0, 0.0, 1.0],
                [-0.0, 0.0, 1.0, 0.003548, 1.0, -0.0, 0.0, 0.038025, 0.0, 1.0, -0.0, 0.491593, 0.0, 0.0, 0.0, 1.0],
                [-0.0, 0.0, 1.0, 0.003575, 1.0, -0.0, 0.0, 0.047829, 0.0, 1.0, -0.0, 0.491593, 0.0, 0.0, 0.0, 1.0],
                [-0.0, 0.0, 1.0, 0.003596, 1.0, -0.0, 0.0, 0.061925, 0.0, 1.0, -0.0, 0.491593, 0.0, 0.0, 0.0, 1.0],
                [-0.0, 0.0, 1.0, 0.00361, 1.0, -0.0, 0.0, 0.082458, 0.0, 1.0, -0.0, 0.491593, 0.0, 0.0, 0.0, 1.0],
                [-0.0, 0.0, 1.0, 0.003625, 1.0, -0.0, 0.0, 0.112599, 0.0, 1.0, -0.0, 0.491593, 0.0, 0.0, 0.0, 1.0],
                [-0.0, 0.0, 1.0, 0.00364, 1.0, -0.0, 0.0, 0.155993, 0.0, 1.0, -0.0, 0.491593, 0.0, 0.0, 0.0, 1.0],
                [-0.0, 0.0, 1.0, 0.003654, 1.0, -0.0, 0.0, 0.167322, 0.0, 1.0, -0.0, 0.491593, 0.0, 0.0, 0.0, 1.0],
                [-0.0, 0.0, 1.0, 0.00479, 1.0, -0.0, 0.0, 0.183031, 0.0, 1.0, -0.0, 0.491593, 0.0, 0.0, 0.0, 1.0],
                [-0.0, 0.0, 1.0, 0.00709, 1.0, -0.0, 0.0, 0.191655, 0.0, 1.0, -0.0, 0.491594, 0.0, 0.0, 0.0, 1.0],
                [-0.0, 0.0, 1.0, 0.007328, 1.0, -0.0, 0.0, 0.191363, 0.0, 1.0, -0.0, 0.491593, 0.0, 0.0, 0.0, 1.0],
                [-0.0, 0.0, 1.0, 0.005424, 1.0, -0.0, 0.0, 0.18768, 0.0, 1.0, -0.0, 0.491593, 0.0, 0.0, 0.0, 1.0],
                [-0.0, 0.0, 1.0, -0.006055, 1.0, -0.0, 0.0, 0.185235, 0.0, 1.0, -0.0, 0.488979, 0.0, 0.0, 0.0, 1.0],
                [-0.0, 0.0, 1.0, -0.022693, 1.0, -0.0, 0.0, 0.185235, 0.0, 1.0, -0.0, 0.488979, 0.0, 0.0, 0.0, 1.0],
                [-0.0, 0.0, 1.0, -0.069217, 1.0, -0.0, 0.0, 0.185235, 0.0, 1.0, -0.0, 0.488979, 0.0, 0.0, 0.0, 1.0],
                [-0.0, 0.0, 1.0, -0.101123, 1.0, -0.0, 0.0, 0.185235, 0.0, 1.0, -0.0, 0.488979, 0.0, 0.0, 0.0, 1.0],
                [-0.0, 0.0, 1.0, -0.162589, 1.0, -0.0, 0.0, 0.185235, 0.0, 1.0, -0.0, 0.488979, 0.0, 0.0, 0.0, 1.0],
                [-0.0, 0.0, 1.0, -0.179143, 1.0, -0.0, 0.0, 0.185235, 0.0, 1.0, -0.0, 0.488979, 0.0, 0.0, 0.0, 1.0],
                [-0.0, 0.0, 1.0, -0.14181, 1.0, -0.0, 0.0, 0.185235, 0.0, 1.0, -0.0, 0.488979, 0.0, 0.0, 0.0, 1.0],
                [-0.0, 0.0, 1.0, -0.041505, 1.0, -0.0, 0.0, 0.185235, 0.0, 1.0, -0.0, 0.488979, 0.0, 0.0, 0.0, 1.0],
                [1.0, 0.0, -0.0, 0.031678, -0.0, 4e-06, -1.0, 0.117775, -0.0, 1.0, 4e-06, 0.654533, 0.0, 0.0, 0.0, 1.0],
                [1.0, 0.0, -0.0, 0.031561, -0.0, 4e-06, -1.0, 0.117297, -0.0, 1.0, 4e-06, 0.654668, 0.0, 0.0, 0.0, 1.0],
                [1.0, 0.0, -0.0, 0.032264, -0.0, 4e-06, -1.0, 0.117004, -0.0, 1.0, 4e-06, 0.654734, 0.0, 0.0, 0.0, 1.0],
                [1.0, 0.0, -0.0, 0.034372, -0.0, 4e-06, -1.0, 0.116592, -0.0, 1.0, 4e-06, 0.654818, 0.0, 0.0, 0.0, 1.0],
                [1.0, 0.0, -0.0, 0.037651, -0.0, 4e-06, -1.0, 0.116203, -0.0, 1.0, 4e-06, 0.654858, 0.0, 0.0, 0.0, 1.0],
                [1.0, 0.0, -0.0, 0.041517, -0.0, 4e-06, -1.0, 0.115838, -0.0, 1.0, 4e-06, 0.654862, 0.0, 0.0, 0.0, 1.0],
                [1.0, 0.0, -0.0, 0.046553, -0.0, 4e-06, -1.0, 0.110866, -0.0, 1.0, 4e-06, 0.646218, 0.0, 0.0, 0.0, 1.0],
                [1.0, 0.0, -0.0, 0.059671, -0.0, 4e-06, -1.0, 0.1105, -0.0, 1.0, 4e-06, 0.644413, 0.0, 0.0, 0.0, 1.0],
                [1.0, 0.0, 0.0, -0.000281, 0.0, 3e-06, -1.0, 0.130515, -0.0, 1.0, 3e-06, 0.485847, 0.0, 0.0, 0.0, 1.0],
                [1.0, 0.0, 0.0, 0.019613, 0.0, 3e-06, -1.0, 0.113205, -0.0, 1.0, 3e-06, 0.437435, 0.0, 0.0, 0.0, 1.0],
                [1.0, 0.0, 0.0, 0.015293, 0.0, 3e-06, -1.0, 0.102878, -0.0, 1.0, 3e-06, 0.275615, 0.0, 0.0, 0.0, 1.0],
                [1.0, 0.0, 0.0, 0.014178, 0.0, 3e-06, -1.0, 0.10253, -0.0, 1.0, 3e-06, 0.275615, 0.0, 0.0, 0.0, 1.0],
                [1.0, 0.0, 0.0, 0.014469, 0.0, 3e-06, -1.0, 0.10271, -0.0, 1.0, 3e-06, 0.275615, 0.0, 0.0, 0.0, 1.0],
                [1.0, 0.0, 0.0, 0.015693, 0.0, 3e-06, -1.0, 0.103078, -0.0, 1.0, 3e-06, 0.226228, 0.0, 0.0, 0.0, 1.0],
                [1.0, 0.0, 0.0, 0.01722, 0.0, 3e-06, -1.0, 0.103517, -0.0, 1.0, 3e-06, 0.226228, 0.0, 0.0, 0.0, 1.0],
                [1.0, 0.0, 0.0, 0.018385, 0.0, 3e-06, -1.0, 0.103946, -0.0, 1.0, 3e-06, 0.226228, 0.0, 0.0, 0.0, 1.0],
                [1.0, 0.0, 0.0, 0.018614, 0.0, 3e-06, -1.0, 0.104287, -0.0, 1.0, 3e-06, 0.226228, 0.0, 0.0, 0.0, 1.0],
                [1.0, 0.0, 0.0, 0.017968, 0.0, 3e-06, -1.0, 0.104593, -0.0, 1.0, 3e-06, 0.226228, 0.0, 0.0, 0.0, 1.0],
                [1.0, 0.0, 0.0, 0.017713, 0.0, 3e-06, -1.0, 0.10478, -0.0, 1.0, 3e-06, 0.226228, 0.0, 0.0, 0.0, 1.0],
                [1.0, 0.0, 0.0, 0.01799, 0.0, 3e-06, -1.0, 0.104694, -0.0, 1.0, 3e-06, 0.226228, 0.0, 0.0, 0.0, 1.0],
                [1.0, 0.0, 0.0, 0.019068, 0.0, 3e-06, -1.0, 0.10425, -0.0, 1.0, 3e-06, 0.226228, 0.0, 0.0, 0.0, 1.0],
                [1.0, 0.0, 0.0, 0.020609, 0.0, 3e-06, -1.0, 0.10375, -0.0, 1.0, 3e-06, 0.226228, 0.0, 0.0, 0.0, 1.0],
                [1.0, 0.0, 0.0, 0.021897, 0.0, 3e-06, -1.0, 0.103299, -0.0, 1.0, 3e-06, 0.226228, 0.0, 0.0, 0.0, 1.0],
                [1.0, 0.0, 0.0, 0.022636, 0.0, 3e-06, -1.0, 0.102977, -0.0, 1.0, 3e-06, 0.226228, 0.0, 0.0, 0.0, 1.0],
                [1.0, 0.0, 0.0, 0.022386, 0.0, 3e-06, -1.0, 0.102938, -0.0, 1.0, 3e-06, 0.226228, 0.0, 0.0, 0.0, 1.0],
                [1.0, 0.0, 0.0, 0.020955, 0.0, 3e-06, -1.0, 0.103137, -0.0, 1.0, 3e-06, 0.226228, 0.0, 0.0, 0.0, 1.0],
                [1.0, 0.0, 0.0, 0.017812, 0.0, 3e-06, -1.0, 0.103819, -0.0, 1.0, 3e-06, 0.250922, 0.0, 0.0, 0.0, 1.0],
                [1.0, 0.0, 0.0, 0.01684, 0.0, 3e-06, -1.0, 0.101061, -0.0, 1.0, 3e-06, 0.278603, 0.0, 0.0, 0.0, 1.0],
                [1.0, 0.0, 0.0, 0.015867, 0.0, 3e-06, -1.0, 0.098304, -0.0, 1.0, 3e-06, 0.306285, 0.0, 0.0, 0.0, 1.0],
                [1.0, 0.0, 0.0, 0.014895, 0.0, 3e-06, -1.0, 0.095546, -0.0, 1.0, 3e-06, 0.333967, 0.0, 0.0, 0.0, 1.0],
                [1.0, 0.0, 0.0, 0.013922, 0.0, 3e-06, -1.0, 0.092788, -0.0, 1.0, 3e-06, 0.361648, 0.0, 0.0, 0.0, 1.0],
                [1.0, 0.0, 0.0, 0.01295, 0.0, 3e-06, -1.0, 0.086296, -0.0, 1.0, 3e-06, 0.392442, 0.0, 0.0, 0.0, 1.0],
                [1.0, 0.0, 0.0, 0.011977, 0.0, 3e-06, -1.0, 0.079804, -0.0, 1.0, 3e-06, 0.423236, 0.0, 0.0, 0.0, 1.0],
                [1.0, 0.0, 0.0, 0.011005, 0.0, 3e-06, -1.0, 0.073312, -0.0, 1.0, 3e-06, 0.45403, 0.0, 0.0, 0.0, 1.0],
                [1.0, 0.0, 0.0, 0.010032, 0.0, 3e-06, -1.0, 0.066819, -0.0, 1.0, 3e-06, 0.484824, 0.0, 0.0, 0.0, 1.0],
                [1.0, 0.0, 0.0, 0.00906, 0.0, 3e-06, -1.0, 0.060327, -0.0, 1.0, 3e-06, 0.494704, 0.0, 0.0, 0.0, 1.0],
                [1.0, 0.00021, 0.0, 0.006142, -0.0, 0.001287, -0.999999, 0.040851, -0.00021, 0.999999, 0.001287, 0.524344, 0.0, 0.0, 0.0, 1.0],
                [1.0, 0.000631, 1e-06, 0.000308, -1e-06, 0.003856, -0.999993, 0.11815, -0.000631, 0.999992, 0.003856, 0.670317, 0.0, 0.0, 0.0, 1.0]
            ]
        },
        {
            "name": "Thigh_R",
            "time": [0.0, 0.0667, 0.1, 0.1333, 0.1667, 0.2, 0.2333, 0.2667, 0.3, 0.3333, 0.3667, 0.4, 0.4333, 0.4667, 0.5, 0.5333, 0.5667, 0.6, 0.6333, 0.7, 0.7333, 0.7667, 0.8, 0.8333, 0.8667, 0.9, 0.9333, 0.9667, 1.0, 1.0333, 1.0667, 1.1, 1.1333, 1.1667, 1.2, 1.2333, 1.2667, 1.3, 1.3333, 1.3667, 1.4, 1.4333, 1.4667, 1.5, 1.5333, 1.5667, 1.6, 1.6333, 1.6667, 1.7, 1.7333, 1.7667, 1.8, 1.8333, 1.8667, 1.9, 1.9333, 1.9667, 2.0, 2.0333, 2.0667, 2.1, 2.1333, 2.1667, 2.2, 2.5],
            "transform": [
                [0.979033, 0.03505, 0.200667, 0.125807, -0.203191, 0.098048, 0.974218, 0.049396, 0.014472, -0.994565, 0.103114, -0.045739, 0.0, 0.0, 0.0, 1.0],
                [0.638575, 0.669364, -0.379702, 0.032862, 0.768313, -0.582596, 0.265096, 0.112967, -0.043767, -0.461014, -0.886313, 0.09614, 0.0, 0.0, 0.0, 1.0],
                [0.964312, 0.264144, -0.018173, 0.032862, 0.230275, -0.80283, 0.549943, 0.112967, 0.130675, -0.534502, -0.835004, 0.09614, 0.0, 0.0, 0.0, 1.0],
                [0.897926, -0.166981, 0.407243, 0.032862, -0.328571, -0.869937, 0.367765, 0.112967, 0.292866, -0.464034, -0.836003, 0.09614, 0.0, 0.0, 0.0, 1.0],
                [0.894639, -0.307085, 0.324531, 0.032863, -0.394327, -0.884205, 0.250377, 0.112967, 0.210065, -0.351968, -0.912136, 0.09614, 0.0, 0.0, 0.0, 1.0],
                [0.898162, -0.439606, 0.007263, 0.032863, -0.425924, -0.865872, 0.262403, 0.112967, -0.109066, -0.238774, -0.964931, 0.09614, 0.0, 0.0, 0.0, 1.0],
                [0.461195, -0.701962, -0.542724, 0.032862, -0.27813, -0.6952, 0.662827, 0.112967, -0.842581, -0.154745, -0.51586, 0.09614, 0.0, 0.0, 0.0, 1.0],
                [0.17008, -0.833848, -0.525139, 0.032862, -0.024479, -0.536313, 0.843664, 0.112967, -0.985126, -0.130635, -0.111627, 0.09614, 0.0, 0.0, 0.0, 1.0],
                [0.052763, -0.86264, -0.503059, 0.032862, 0.045463, -0.501163, 0.864158, 0.112967, -0.997571, -0.068466, 0.012775, 0.09614, 0.0, 0.0, 0.0, 1.0],
                [-0.127585, -0.949807, -0.285638, 0.032862, 0.123924, -0.301, 0.945538, 0.112967, -0.984055, 0.085239, 0.156107, 0.09614, 0.0, 0.0, 0.0, 1.0],
                [-0.341518, -0.924877, 0.167234, 0.032862, 0.362626, 0.034492, 0.931296, 0.112967, -0.867102, 0.378698, 0.323605, 0.09614, 0.0, 0.0, 0.0, 1.0],
                [-0.353951, -0.747259, 0.562425, 0.032862, 0.667823, 0.219073, 0.71135, 0.112967, -0.654775, 0.627384, 0.421496, 0.09614, 0.0, 0.0, 0.0, 1.0],
                [-0.307491, -0.575474, 0.757811, 0.032862, 0.766317, 0.322357, 0.555737, 0.112967, -0.564098, 0.751609, 0.341874, 0.09614, 0.0, 0.0, 0.0, 1.0],
                [-0.364712, -0.376271, 0.851707, 0.032862, 0.733039, 0.447995, 0.511814, 0.112967, -0.574142, 0.811, 0.112432, 0.09614, 0.0, 0.0, 0.0, 1.0],
                [-0.473887, -0.221418, 0.852294, 0.032862, 0.685437, 0.514864, 0.51487, 0.112967, -0.552816, 0.828185, -0.092219, 0.09614, 0.0, 0.0, 0.0, 1.0],
                [-0.494062, -0.097741, 0.863915, 0.032862, 0.724161, 0.503625, 0.471117, 0.112967, -0.481137, 0.858375, -0.178043, 0.09614, 0.0, 0.0, 0.0, 1.0],
                [-0.479483, 0.024118, 0.877219, 0.032863, 0.775849, 0.478757, 0.410912, 0.112967, -0.410064, 0.877616, -0.248268, 0.09614, 0.0, 0.0, 0.0, 1.0],
                [-0.132764, 0.273442, 0.952682, 0.032862, 0.96973, 0.234571, 0.067813, 0.112967, -0.204929, 0.932848, -0.296308, 0.09614, 0.0, 0.0, 0.0, 1.0],
                [-0.040232, 0.128118, 0.990942, 0.032862, 0.992923, -0.105773, 0.053988, 0.112967, 0.111732, 0.986102, -0.122956, 0.09614, 0.0, 0.0, 0.0, 1.0],
                [0.384497, 0.265193, 0.884214, 0.032862, 0.780747, -0.604486, -0.158208, 0.112967, 0.49254, 0.751178, -0.439472, 0.09614, 0.0, 0.0, 0.0, 1.0],
                [0.453632, 0.074399, 0.888078, 0.032862, 0.616425, -0.74587, -0.252385, 0.112967, 0.643614, 0.661924, -0.384211, 0.09614, 0.0, 0.0, 0.0, 1.0],
                [0.091976, -0.052211, 0.994392, 0.032862, 0.922771, 0.379757, -0.065412, 0.112967, -0.374211, 0.923612, 0.083108, 0.09614, 0.0, 0.0, 0.0, 1.0],
                [0.477278, 0.877424, 0.048301, 0.032862, 0.706623, -0.350535, -0.614661, 0.112967, -0.522387, 0.327495, -0.787311, 0.09614, 0.0, 0.0, 0.0, 1.0],
                [0.44346, 0.193297, -0.875202, 0.032862, 0.28483, -0.956242, -0.066874, 0.112967, -0.849832, -0.219629, -0.479112, 0.09614, 0.0, 0.0, 0.0, 1.0],
                [0.246679, -0.173375, -0.953462, 0.032862, 0.108298, -0.972772, 0.204905, 0.112967, -0.963027, -0.153804, -0.221186, 0.09614, 0.0, 0.0, 0.0, 1.0],
                [0.103652, -0.630163, -0.769514, 0.032862, 0.133647, -0.75784, 0.638606, 0.112967, -0.985594, -0.169036, 0.005668, 0.09614, 0.0, 0.0, 0.0, 1.0],
                [-0.414999, -0.703962, 0.576379, 0.032862, 0.822593, -0.019637, 0.568291, 0.112967, -0.388737, 0.709966, 0.587224, 0.09614, 0.0, 0.0, 0.0, 1.0],
                [-0.090464, -0.464545, 0.880917, 0.032862, 0.994761, 0.000136, 0.102226, 0.112967, -0.047608, 0.88555, 0.462099, 0.09614, 0.0, 0.0, 0.0, 1.0],
                [0.062388, -0.186824, 0.98041, 0.032862, 0.936656, 0.350179, 0.007125, 0.112967, -0.34465, 0.917863, 0.196837, 0.09614, 0.0, 0.0, 0.0, 1.0],
                [0.466902, -0.137588, -0.87354, 0.032862, -0.295865, -0.955199, -0.007688, 0.112968, -0.833346, 0.26204, -0.486692, 0.09614, 0.0, 0.0, 0.0, 1.0],
                [0.143932, -0.329323, -0.933183, 0.032862, -0.606698, -0.774355, 0.179696, 0.112967, -0.781793, 0.540297, -0.311254, 0.09614, 0.0, 0.0, 0.0, 1.0],
                [-0.036053, -0.359674, -0.932381, 0.032862, -0.761356, -0.594459, 0.258757, 0.112967, -0.647331, 0.719203, -0.252407, 0.09614, 0.0, 0.0, 0.0, 1.0],
                [-0.205032, -0.284772, -0.936412, 0.032862, -0.911499, -0.292978, 0.288675, 0.112967, -0.356555, 0.912726, -0.199499, 0.09614, 0.0, 0.0, 0.0, 1.0],
                [-0.254338, -0.160524, -0.9537, 0.032863, -0.965435, -0.015958, 0.260153, 0.112968, -0.05698, 0.986903, -0.150917, 0.096141, 0.0, 0.0, 0.0, 1.0],
                [-0.223887, 0.066018, -0.972377, 0.032862, -0.92567, 0.297796, 0.233351, 0.112967, 0.304975, 0.952344, -0.005561, 0.096141, 0.0, 0.0, 0.0, 1.0],
                [0.432977, 0.88061, 0.192503, 0.032863, -0.00786, -0.209863, 0.977699, 0.112967, 0.90137, -0.424835, -0.083944, 0.096141, 0.0, 0.0, 0.0, 1.0],
                [0.635712, 0.59445, 0.492442, 0.032862, 0.098632, -0.695263, 0.711956, 0.112967, 0.765599, -0.404029, -0.500619, 0.096141, 0.0, 0.0, 0.0, 1.0],
                [0.597087, 0.670509, 0.440346, 0.032862, 0.708697, -0.698097, 0.102024, 0.112967, 0.375812, 0.251155, -0.892012, 0.096141, 0.0, 0.0, 0.0, 1.0],
                [0.850949, 0.509313, 0.128398, 0.032862, 0.474488, -0.850234, 0.227956, 0.112967, 0.225269, -0.133056, -0.965168, 0.096141, 0.0, 0.0, 0.0, 1.0],
                [0.886724, 0.462176, -0.010661, 0.032862, 0.417371, -0.790421, 0.448371, 0.112967, 0.1988, -0.402031, -0.893784, 0.096141, 0.0, 0.0, 0.0, 1.0],
                [0.889916, 0.456103, 0.00441, 0.032862, 0.406017, -0.796525, 0.447994, 0.112967, 0.207844, -0.396887, -0.894025, 0.096141, 0.0, 0.0, 0.0, 1.0],
                [0.892531, 0.450986, 3.5e-05, 0.032862, 0.40217, -0.795957, 0.45245, 0.112967, 0.204077, -0.403812, -0.89179, 0.096141, 0.0, 0.0, 0.0, 1.0],
                [0.894608, 0.446834, -0.004063, 0.032862, 0.397548, -0.791717, 0.463831, 0.112967, 0.204038, -0.416562, -0.885914, 0.096141, 0.0, 0.0, 0.0, 1.0],
                [0.895397, 0.445238, -0.005291, 0.032862, 0.393183, -0.785024, 0.478691, 0.112967, 0.208978, -0.430699, -0.877967, 0.096141, 0.0, 0.0, 0.0, 1.0],
                [0.894189, 0.447646, -0.006208, 0.032862, 0.392812, -0.777854, 0.490553, 0.112967, 0.214765, -0.441086, -0.871389, 0.096141, 0.0, 0.0, 0.0, 1.0],
                [0.890839, 0.454118, -0.013557, 0.032862, 0.400952, -0.771813, 0.493499, 0.112967, 0.213643, -0.445064, -0.86964, 0.096141, 0.0, 0.0, 0.0, 1.0],
                [0.884662, 0.465443, -0.027136, 0.032862, 0.419417, -0.769062, 0.48232, 0.112967, 0.203623, -0.438072, -0.875574, 0.096141, 0.0, 0.0, 0.0, 1.0],
                [0.880864, 0.471762, -0.038977, 0.032862, 0.432528, -0.768674, 0.471232, 0.112967, 0.192348, -0.43195, -0.881148, 0.096141, 0.0, 0.0, 0.0, 1.0],
                [0.88317, 0.467563, -0.037368, 0.032862, 0.428734, -0.772372, 0.468645, 0.112967, 0.190259, -0.429915, -0.882596, 0.096141, 0.0, 0.0, 0.0, 1.0],
                [0.888585, 0.458307, -0.019271, 0.032862, 0.413258, -0.781595, 0.467254, 0.112967, 0.199083, -0.42316, -0.883913, 0.096141, 0.0, 0.0, 0.0, 1.0],
                [0.893118, 0.449801, -0.004336, 0.032862, 0.401749, -0.7933, 0.457463, 0.112967, 0.202328, -0.410311, -0.889218, 0.096141, 0.0, 0.0, 0.0, 1.0],
                [0.89668, 0.442617, 0.007385, 0.032862, 0.392965, -0.803551, 0.447085, 0.112967, 0.203821, -0.397991, -0.894461, 0.096141, 0.0, 0.0, 0.0, 1.0],
                [0.899804, 0.435996, 0.016101, 0.032862, 0.384222, -0.809359, 0.444198, 0.112967, 0.2067, -0.393505, -0.895784, 0.096141, 0.0, 0.0, 0.0, 1.0],
                [0.90253, 0.430106, 0.021169, 0.032862, 0.374257, -0.807756, 0.455479, 0.112967, 0.213003, -0.403161, -0.889995, 0.096141, 0.0, 0.0, 0.0, 1.0],
                [0.906539, 0.42141, 0.024514, 0.032862, 0.359558, -0.801299, 0.47816, 0.112967, 0.221144, -0.424657, -0.87793, 0.096141, 0.0, 0.0, 0.0, 1.0],
                [0.912404, 0.408594, 0.023861, 0.032862, 0.341453, -0.79203, 0.506062, 0.112967, 0.225673, -0.453586, -0.862167, 0.096141, 0.0, 0.0, 0.0, 1.0],
                [0.914343, 0.404634, 0.015735, 0.032862, 0.330045, -0.767184, 0.549999, 0.112967, 0.23462, -0.497695, -0.835017, 0.096141, 0.0, 0.0, 0.0, 1.0],
                [0.909738, 0.415152, -0.005151, 0.032862, 0.339998, -0.737816, 0.583121, 0.112967, 0.238283, -0.532239, -0.812369, 0.096141, 0.0, 0.0, 0.0, 1.0],
                [0.895654, 0.442164, -0.047897, 0.032862, 0.382603, -0.711112, 0.58986, 0.112967, 0.226754, -0.546637, -0.806084, 0.096141, 0.0, 0.0, 0.0, 1.0],
                [0.873773, 0.47806, -0.089322, 0.032862, 0.436689, -0.690394, 0.576765, 0.112967, 0.214061, -0.542969, -0.812012, 0.096141, 0.0, 0.0, 0.0, 1.0],
                [0.858102, 0.502807, -0.104142, 0.032862, 0.466716, -0.67918, 0.566472, 0.112967, 0.214095, -0.534696, -0.817474, 0.096141, 0.0, 0.0, 0.0, 1.0],
                [0.846592, 0.522709, -0.100287, 0.032862, 0.481429, -0.671706, 0.56306, 0.112967, 0.226954, -0.524963, -0.820308, 0.096141, 0.0, 0.0, 0.0, 1.0],
                [0.842078, 0.532389, -0.086405, 0.032862, 0.475733, -0.657674, 0.584074, 0.112967, 0.254128, -0.532943, -0.807088, 0.096141, 0.0, 0.0, 0.0, 1.0],
                [0.860286, 0.50319, -0.081903, 0.032862, 0.422115, -0.612961, 0.667905, 0.112967, 0.28588, -0.609162, -0.739726, 0.096141, 0.0, 0.0, 0.0, 1.0],
                [0.888194, 0.452704, -0.078554, 0.032862, 0.340574, -0.533906, 0.773921, 0.112967, 0.308417, -0.714146, -0.628391, 0.096141, 0.0, 0.0, 0.0, 1.0],
                [0.86071, 0.267312, 0.433264, 0.09946, 0.232709, -0.963527, 0.132167, 0.054652, 0.452788, -0.012933, -0.891523, 0.028345, 0.0, 0.0, 0.0, 1.0]
            ]
        },
        {
            "name": "Leg_R",
            "time": [0.0, 0.0667, 0.1, 0.1333, 0.1667, 0.2, 0.2333, 0.2667, 0.3, 0.3333, 0.3667, 0.4, 0.4333, 0.4667, 0.5, 0.5333, 0.5667, 0.6, 0.6333, 0.7, 0.7333, 0.7667, 0.8, 0.8333, 0.8667, 0.9, 0.9333, 0.9667, 1.0, 1.0333, 1.0667, 1.1, 1.1333, 1.1667, 1.2, 1.2333, 1.2667, 1.3, 1.3333, 1.3667, 1.4, 1.4333, 1.4667, 1.5, 1.5333, 1.5667, 1.6, 1.6333, 1.6667, 1.7, 1.7333, 1.7667, 1.8, 1.8333, 1.8667, 1.9, 1.9333, 1.9667, 2.0, 2.0333, 2.0667, 2.1, 2.1333, 2.1667, 2.2, 2.5],
            "transform": [
                [0.999996, 0.001728, 0.000908, -0.0, 0.000908, -0.823493, 0.567328, 0.37472, 0.001728, -0.567326, -0.823493, 0.0, 0.0, 0.0, 0.0, 1.0],
                [1.0, 2e-05, -2.4e-05, -0.0, 3e-05, -0.438293, 0.89882, 0.37472, 8e-06, -0.898852, -0.438277, -0.0, 0.0, 0.0, 0.0, 1.0],
                [1.0, -1.2e-05, -3e-05, 0.0, 1.6e-05, -0.609806, 0.792547, 0.37472, -2.8e-05, -0.792566, -0.609791, 0.0, 0.0, 0.0, 0.0, 1.0],
                [1.0, -3.7e-05, -3e-05, -0.0, 3.3e-05, 0.079136, 0.996862, 0.37472, -3.4e-05, -0.996866, 0.079136, -0.0, 0.0, 0.0, 0.0, 1.0],
                [1.0, -3.1e-05, -2.4e-05, 0.0, 3.6e-05, 0.46415, 0.885757, 0.37472, -1.6e-05, -0.885757, 0.46415, -0.0, 0.0, 0.0, 0.0, 1.0],
                [1.0, -1.5e-05, -1.8e-05, 0.0, 2.3e-05, 0.796703, 0.604371, 0.37472, 5e-06, -0.604369, 0.796705, -0.0, 0.0, 0.0, 0.0, 1.0],
                [1.0, 2.3e-05, -7e-06, 0.0, -1.8e-05, 0.903521, 0.428536, 0.37472, 1.6e-05, -0.428532, 0.90353, -0.0, 0.0, 0.0, 0.0, 1.0],
                [1.0, 2.5e-05, -2.2e-05, 0.0, -4e-06, 0.745404, 0.666608, 0.37472, 3.4e-05, -0.666566, 0.74545, 0.0, 0.0, 0.0, 0.0, 1.0],
                [1.0, 2.2e-05, -2.5e-05, 0.0, 2e-06, 0.713036, 0.701127, 0.37472, 3.4e-05, -0.701101, 0.713062, 0.0, 0.0, 0.0, 0.0, 1.0],
                [1.0, 2.7e-05, -2.8e-05, 0.0, 1.1e-05, 0.494915, 0.868949, 0.37472, 3.7e-05, -0.868928, 0.494926, -0.0, 0.0, 0.0, 0.0, 1.0],
                [1.0, 2.7e-05, -1.4e-05, -0.0, 1e-05, 0.155284, 0.987869, 0.37472, 2.9e-05, -0.98787, 0.155284, -0.0, 0.0, 0.0, 0.0, 1.0],
                [1.0, 1.3e-05, -3e-06, 0.0, 3e-06, 0.033964, 0.999411, 0.37472, 1.3e-05, -0.999435, 0.033963, -0.0, 0.0, 0.0, 0.0, 1.0],
                [1.0, 3e-06, -0.0, 0.0, 0.0, -0.035345, 0.999358, 0.37472, 3e-06, -0.999391, -0.035344, 0.0, 0.0, 0.0, 0.0, 1.0],
                [1.0, 0.0, -0.0, 0.0, 0.0, -0.187966, 0.982158, 0.37472, 0.0, -0.982194, -0.187959, -0.0, 0.0, 0.0, 0.0, 1.0],
                [1.0, 1e-06, -1e-06, -0.0, 2e-06, -0.313149, 0.949689, 0.37472, 1e-06, -0.949723, -0.313137, -0.0, 0.0, 0.0, 0.0, 1.0],
                [1.0, 3e-06, -6e-06, 0.0, 7e-06, -0.393736, 0.91921, 0.37472, 0.0, -0.919242, -0.393723, -0.0, 0.0, 0.0, 0.0, 1.0],
                [1.0, 4e-06, -1.5e-05, 0.0, 1.5e-05, -0.454849, 0.890558, 0.37472, -3e-06, -0.890587, -0.454834, 0.0, 0.0, 0.0, 0.0, 1.0],
                [1.0, -0.0, -2.9e-05, -0.0, 2.2e-05, -0.620179, 0.784455, 0.37472, -1.8e-05, -0.784482, -0.620158, 0.0, 0.0, 0.0, 0.0, 1.0],
                [1.0, -3.8e-05, -3.1e-05, 0.0, -8e-06, -0.752341, 0.658776, 0.37472, -4.8e-05, -0.6588, -0.752314, -0.0, 0.0, 0.0, 0.0, 1.0],
                [1.0, -1.8e-05, -3.1e-05, -0.0, 3.6e-05, 0.443953, 0.896052, 0.37472, -2e-06, -0.896045, 0.443957, -0.0, 0.0, 0.0, 0.0, 1.0],
                [1.0, -1.9e-05, -2.8e-05, -0.0, 3.3e-05, 0.530459, 0.847706, 0.37472, -1e-06, -0.847721, 0.530449, -0.0, 0.0, 0.0, 0.0, 1.0],
                [1.0, 0.0, 1e-06, 0.0, -1e-06, 0.441369, 0.897313, 0.37472, -0.0, -0.897345, 0.441353, -0.0, 0.0, 0.0, 0.0, 1.0],
                [1.0, 3e-06, -2.3e-05, 0.0, 2.3e-05, -0.065113, 0.997858, 0.37472, 2e-06, -0.997897, -0.06511, 0.0, 0.0, 0.0, 0.0, 1.0],
                [1.0, 8e-06, -4.5e-05, -0.0, 3.9e-05, 0.363916, 0.931424, 0.37472, 2.4e-05, -0.931442, 0.363909, -0.0, 0.0, 0.0, 0.0, 1.0],
                [1.0, 7e-06, -3.2e-05, 0.0, 1.9e-05, 0.659327, 0.751854, 0.37472, 2.7e-05, -0.751873, 0.65931, -0.0, 0.0, 0.0, 0.0, 1.0],
                [1.0, 4e-06, -2.1e-05, -0.0, 8e-06, 0.816014, 0.578042, 0.37472, 1.9e-05, -0.578063, 0.815984, -0.0, 0.0, 0.0, 0.0, 1.0],
                [1.0, 5.8e-05, -2.4e-05, 0.0, 2.3e-05, 0.00524, 0.999968, 0.37472, 5.8e-05, -1.000003, 0.005239, -0.0, 0.0, 0.0, 0.0, 1.0],
                [1.0, 4.4e-05, -3.2e-05, -0.0, 3e-05, 0.047484, 0.998855, 0.37472, 4.6e-05, -0.998889, 0.047483, -0.0, 0.0, 0.0, 0.0, 1.0],
                [1.0, 0.0, -8e-06, 0.0, 7e-06, 0.32551, 0.945523, 0.37472, 3e-06, -0.945558, 0.325498, 0.0, 0.0, 0.0, 0.0, 1.0],
                [0.999995, 0.001397, -0.002814, -0.0, 0.003142, -0.444713, 0.895655, 0.37472, 0.0, -0.895691, -0.4447, -0.0, 0.0, 0.0, 0.0, 1.0],
                [0.999995, 0.001565, -0.002724, 0.0, 0.003142, -0.498187, 0.867053, 0.37472, 0.0, -0.867088, -0.498172, -0.0, 0.0, 0.0, 0.0, 1.0],
                [0.999995, 0.001638, -0.00268, 0.0, 0.003141, -0.521447, 0.853268, 0.37472, 0.0, -0.853302, -0.521431, 0.0, 0.0, 0.0, 0.0, 1.0],
                [0.999995, 0.001712, -0.002634, -0.0, 0.003141, -0.54483, 0.838532, 0.37472, 0.0, -0.838566, -0.544813, -0.0, 0.0, 0.0, 0.0, 1.0],
                [0.999995, 0.001776, -0.002591, 0.0, 0.003142, -0.565351, 0.824836, 0.37472, 0.0, -0.82487, -0.565333, -0.0, 0.0, 0.0, 0.0, 1.0],
                [0.999995, 0.001821, -0.00256, -0.0, 0.003141, -0.579738, 0.814789, 0.37472, -0.0, -0.814822, -0.57972, -0.0, 0.0, 0.0, 0.0, 1.0],
                [0.999995, 0.000725, -0.003057, 0.0, 0.003142, -0.230777, 0.972984, 0.37472, -0.0, -0.973024, -0.23077, 0.0, 0.0, 0.0, 0.0, 1.0],
                [0.999995, 0.000485, -0.003104, -0.0, 0.003141, -0.154263, 0.988007, 0.37472, 0.0, -0.988048, -0.154258, 0.0, 0.0, 0.0, 0.0, 1.0],
                [0.999995, -0.000458, -0.003108, 0.0, 0.003141, 0.145956, 0.989269, 0.37472, 0.0, -0.989309, 0.145952, 0.0, 0.0, 0.0, 0.0, 1.0],
                [0.999995, 0.000705, -0.003061, -0.0, 0.003142, -0.224441, 0.974466, 0.37472, 0.0, -0.974506, -0.224434, 0.0, 0.0, 0.0, 0.0, 1.0],
                [0.999995, 0.001566, -0.002723, 0.0, 0.003141, -0.498524, 0.86686, 0.37472, 0.0, -0.866895, -0.498509, -0.0, 0.0, 0.0, 0.0, 1.0],
                [0.999995, 0.001441, -0.002792, 0.0, 0.003142, -0.458514, 0.88867, 0.37472, 0.0, -0.888706, -0.4585, 0.0, 0.0, 0.0, 0.0, 1.0],
                [0.999995, 0.001503, -0.002758, -0.0, 0.003141, -0.478494, 0.878074, 0.37472, 0.0, -0.878109, -0.478479, 0.0, 0.0, 0.0, 0.0, 1.0],
                [0.999995, 0.001592, -0.002708, -0.0, 0.003141, -0.506654, 0.862134, 0.37472, -0.0, -0.862169, -0.506638, -0.0, 0.0, 0.0, 0.0, 1.0],
                [0.999995, 0.001667, -0.002663, 0.0, 0.003141, -0.530551, 0.847638, 0.37472, 0.0, -0.847672, -0.530535, 0.0, 0.0, 0.0, 0.0, 1.0],
                [0.999995, 0.001714, -0.002633, -0.0, 0.003141, -0.545678, 0.83798, 0.37472, -0.0, -0.838014, -0.545662, 0.0, 0.0, 0.0, 0.0, 1.0],
                [0.999995, 0.001752, -0.002608, -0.0, 0.003142, -0.557703, 0.830026, 0.37472, -0.0, -0.83006, -0.557686, -0.0, 0.0, 0.0, 0.0, 1.0],
                [0.999995, 0.001803, -0.002573, -0.0, 0.003142, -0.573953, 0.818875, 0.37472, -0.0, -0.818908, -0.573935, -0.0, 0.0, 0.0, 0.0, 1.0],
                [0.999995, 0.001854, -0.002536, -0.0, 0.003141, -0.590179, 0.807259, 0.37472, 0.0, -0.807292, -0.590162, 0.0, 0.0, 0.0, 0.0, 1.0],
                [0.999995, 0.00186, -0.002532, -0.0, 0.003141, -0.591948, 0.805963, 0.37472, 0.0, -0.805996, -0.59193, 0.0, 0.0, 0.0, 0.0, 1.0],
                [0.999995, 0.001853, -0.002537, 0.0, 0.003141, -0.589783, 0.807549, 0.37472, 0.0, -0.807581, -0.589765, 0.0, 0.0, 0.0, 0.0, 1.0],
                [0.999995, 0.001818, -0.002562, -0.0, 0.003141, -0.578819, 0.815443, 0.37472, -0.0, -0.815475, -0.578802, -0.0, 0.0, 0.0, 0.0, 1.0],
                [0.999995, 0.001771, -0.002595, -0.0, 0.003141, -0.563619, 0.826021, 0.37472, 0.0, -0.826054, -0.563602, -0.0, 0.0, 0.0, 0.0, 1.0],
                [0.999995, 0.001724, -0.002626, -0.0, 0.003142, -0.548669, 0.836025, 0.37472, 0.0, -0.836059, -0.548652, 0.0, 0.0, 0.0, 0.0, 1.0],
                [0.999995, 0.001664, -0.002665, -0.0, 0.003142, -0.529523, 0.848281, 0.37472, -0.0, -0.848315, -0.529507, -0.0, 0.0, 0.0, 0.0, 1.0],
                [0.999995, 0.001557, -0.002728, -0.0, 0.003142, -0.495684, 0.868487, 0.37472, -0.0, -0.868522, -0.495669, 0.0, 0.0, 0.0, 0.0, 1.0],
                [0.999995, 0.001407, -0.002809, 0.0, 0.003141, -0.447719, 0.894157, 0.37472, 0.0, -0.894193, -0.447705, 0.0, 0.0, 0.0, 0.0, 1.0],
                [0.999995, 0.00121, -0.002899, -0.0, 0.003142, -0.385135, 0.922841, 0.37472, -0.0, -0.922878, -0.385123, -0.0, 0.0, 0.0, 0.0, 1.0],
                [0.999995, 0.001, -0.002978, 0.0, 0.003142, -0.318379, 0.947943, 0.37472, -0.0, -0.947982, -0.318369, 0.0, 0.0, 0.0, 0.0, 1.0],
                [0.999995, 0.000608, -0.003082, 0.0, 0.003142, -0.19353, 0.981072, 0.37472, 0.0, -0.981112, -0.193524, 0.0, 0.0, 0.0, 0.0, 1.0],
                [0.999995, 0.000181, -0.003136, -0.0, 0.003142, -0.057658, 0.998314, 0.37472, 0.0, -0.998354, -0.057657, -0.0, 0.0, 0.0, 0.0, 1.0],
                [0.999995, -0.000171, -0.003137, 0.0, 0.003141, 0.054302, 0.998501, 0.37472, 0.0, -0.998542, 0.054301, 0.0, 0.0, 0.0, 0.0, 1.0],
                [0.999995, -0.000592, -0.003085, 0.0, 0.003142, 0.188505, 0.98205, 0.37472, 0.0, -0.98209, 0.188499, -0.0, 0.0, 0.0, 0.0, 1.0],
                [0.999995, -0.00079, -0.003041, -0.0, 0.003141, 0.251405, 0.96786, 0.37472, 0.0, -0.9679, 0.251398, 0.0, 0.0, 0.0, 0.0, 1.0],
                [0.999995, -0.000493, -0.003103, -0.0, 0.003142, 0.157085, 0.987563, 0.37472, 0.0, -0.987603, 0.15708, -0.0, 0.0, 0.0, 0.0, 1.0],
                [0.999995, -5.5e-05, -0.003141, -0.0, 0.003141, 0.017538, 0.999823, 0.37472, 0.0, -0.999864, 0.017538, -0.0, 0.0, 0.0, 0.0, 1.0],
                [0.999994, -0.001635, 0.00107, 0.0, 0.001067, 0.915621, 0.402044, 0.37472, -0.001637, -0.402041, 0.915623, 0.0, 0.0, 0.0, 0.0, 1.0]
            ]
        },
        {
            "name": "Knee_R",
            "time": [0.0, 1.0, 1.0333, 2.5],
            "transform": [
                [1.0, 0.0, -0.0, -0.0, -0.0, 0.0, -1.0, 0.37472, -0.0, 1.0, 0.0, 0.0, 0.0, 0.0, 0.0, 1.0],
                [1.0, 0.0, -0.0, 0.0, -0.0, 0.0, -1.0, 0.37472, -0.0, 1.0, 0.0, 0.0, 0.0, 0.0, 0.0, 1.0],
                [1.0, 0.0, -0.0, -0.0, -0.0, 0.0, -1.0, 0.37472, -0.0, 1.0, 0.0, -0.0, 0.0, 0.0, 0.0, 1.0],
                [1.0, 0.0, -0.0, 0.0, -0.0, 0.0, -1.0, 0.37472, -0.0, 1.0, 0.0, 0.0, 0.0, 0.0, 0.0, 1.0]
            ]
        },
        {
            "name": "Thigh_L",
            "time": [0.0, 0.0667, 0.1, 0.1333, 0.1667, 0.2, 0.2333, 0.2667, 0.3, 0.3333, 0.3667, 0.4, 0.4333, 0.4667, 0.5, 0.5333, 0.5667, 0.6, 0.6333, 0.7, 0.7333, 0.7667, 0.8, 0.8333, 0.8667, 0.9, 0.9333, 0.9667, 1.0, 1.0333, 1.0667, 1.1, 1.1333, 1.1667, 1.2, 1.2333, 1.2667, 1.3, 1.3333, 1.3667, 1.4, 1.4333, 1.4667, 1.5, 1.5333, 1.5667, 1.6, 1.6333, 1.6667, 1.7, 1.7333, 1.7667, 1.8, 1.8333, 1.8667, 1.9, 1.9333, 1.9667, 2.0, 2.0333, 2.0667, 2.1, 2.1333, 2.1667, 2.2, 2.5],
            "transform": [
                [0.697274, -0.706847, -0.119068, -0.093395, 0.127677, -0.040979, 0.990968, 0.029044, -0.705337, -0.706185, 0.061675, 0.033424, 0.0, 0.0, 0.0, 1.0],
                [0.596269, -0.493287, 0.63335, -0.104752, -0.726161, 0.004955, 0.687507, 0.087523, -0.342276, -0.869853, -0.355251, -0.056653, 0.0, 0.0, 0.0, 1.0],
                [0.671249, -0.617136, 0.410571, -0.104752, -0.620878, -0.165563, 0.766224, 0.087523, -0.404889, -0.769241, -0.494301, -0.056653, 0.0, 0.0, 0.0, 1.0],
                [0.738942, -0.672802, 0.036105, -0.104752, -0.358536, -0.347283, 0.866514, 0.087523, -0.570453, -0.653249, -0.497846, -0.056653, 0.0, 0.0, 0.0, 1.0],
                [0.616483, -0.779507, 0.110989, -0.104752, -0.348233, -0.143506, 0.926358, 0.087523, -0.706175, -0.609734, -0.35992, -0.056653, 0.0, 0.0, 0.0, 1.0],
                [0.36686, -0.82541, 0.429084, -0.104752, -0.334719, 0.313233, 0.888734, 0.087523, -0.867973, -0.469663, -0.161368, -0.056653, 0.0, 0.0, 0.0, 1.0],
                [-0.132736, -0.673343, 0.727318, -0.104752, -0.640788, 0.618128, 0.455312, 0.087523, -0.756157, -0.40562, -0.513518, -0.056653, 0.0, 0.0, 0.0, 1.0],
                [-0.469588, -0.832864, 0.292961, -0.104752, -0.843764, 0.521034, 0.128787, 0.087523, -0.259905, -0.186713, -0.947412, -0.056653, 0.0, 0.0, 0.0, 1.0],
                [-0.552438, -0.819934, -0.150068, -0.104752, -0.819888, 0.502035, 0.275219, 0.087523, -0.150322, 0.275081, -0.949597, -0.056653, 0.0, 0.0, 0.0, 1.0],
                [-0.644085, 0.029068, -0.764401, -0.104751, -0.759169, 0.098362, 0.643418, 0.087523, 0.093891, 0.994726, -0.041286, -0.056653, 0.0, 0.0, 0.0, 1.0],
                [-0.743784, 0.535873, -0.399532, -0.104752, -0.622999, -0.339195, 0.704854, 0.087523, 0.242193, 0.773167, 0.586137, -0.056653, 0.0, 0.0, 0.0, 1.0],
                [-0.819834, 0.570897, -0.04414, -0.104752, -0.402971, -0.520481, 0.752804, 0.087523, 0.4068, 0.634962, 0.656763, -0.056653, 0.0, 0.0, 0.0, 1.0],
                [-0.851126, 0.475994, 0.221393, -0.104752, -0.192271, -0.67508, 0.71225, 0.087522, 0.488484, 0.563646, 0.666098, -0.056653, 0.0, 0.0, 0.0, 1.0],
                [-0.838088, 0.254671, 0.482444, -0.104752, -0.004808, -0.887763, 0.460277, 0.087522, 0.545514, 0.383433, 0.745248, -0.056653, 0.0, 0.0, 0.0, 1.0],
                [-0.727095, 0.195856, 0.658008, -0.104752, 0.0298, -0.948537, 0.315261, 0.087523, 0.685891, 0.248833, 0.68384, -0.056653, 0.0, 0.0, 0.0, 1.0],
                [-0.661432, 0.166471, 0.731297, -0.104752, 0.02453, -0.969733, 0.242934, 0.087523, 0.749604, 0.178623, 0.637329, -0.056653, 0.0, 0.0, 0.0, 1.0],
                [-0.621343, 0.06042, 0.781207, -0.104752, 0.049322, -0.992029, 0.115955, 0.087522, 0.781986, 0.110578, 0.61341, -0.056653, 0.0, 0.0, 0.0, 1.0],
                [-0.153454, -0.166479, 0.974032, -0.104752, -0.100234, -0.978, -0.182948, 0.087522, 0.983059, -0.125705, 0.133391, -0.056653, 0.0, 0.0, 0.0, 1.0],
                [-0.057959, -0.756383, 0.651557, -0.104752, -0.322196, -0.603557, -0.729321, 0.087523, 0.944897, -0.2522, -0.208722, -0.056653, 0.0, 0.0, 0.0, 1.0],
                [-0.037777, -0.667315, 0.743817, -0.104752, -0.501854, -0.631001, -0.591591, 0.087523, 0.864127, -0.395636, -0.311058, -0.056653, 0.0, 0.0, 0.0, 1.0],
                [-0.17098, -0.689899, 0.703425, -0.104752, -0.689151, -0.426497, -0.585807, 0.087523, 0.704156, -0.584927, -0.402523, -0.056653, 0.0, 0.0, 0.0, 1.0],
                [0.632016, 0.586634, 0.506376, -0.104752, 0.545492, -0.800894, 0.246996, 0.087523, 0.55045, 0.120119, -0.826182, -0.056653, 0.0, 0.0, 0.0, 1.0],
                [0.964649, 0.095114, -0.245777, -0.104752, 0.133484, -0.980463, 0.144478, 0.087523, -0.227233, -0.172178, -0.958499, -0.056653, 0.0, 0.0, 0.0, 1.0],
                [0.197317, -0.703271, -0.682991, -0.104752, -0.085287, -0.706361, 0.702695, 0.087523, -0.976623, -0.080403, -0.199357, -0.056653, 0.0, 0.0, 0.0, 1.0],
                [-0.209279, -0.942291, -0.261324, -0.104752, -0.125292, -0.239199, 0.962853, 0.087522, -0.969796, 0.234246, -0.068002, -0.056653, 0.0, 0.0, 0.0, 1.0],
                [-0.600778, -0.744041, 0.29235, -0.104752, -0.214639, 0.502409, 0.837565, 0.087522, -0.770062, 0.440441, -0.461537, -0.056653, 0.0, 0.0, 0.0, 1.0],
                [-0.713119, 0.700744, -0.020478, -0.104752, 0.620019, 0.644062, 0.448062, 0.087522, 0.327166, 0.306825, -0.893768, -0.056653, 0.0, 0.0, 0.0, 1.0],
                [-0.27111, 0.962316, 0.021178, -0.104752, 0.612577, 0.155524, 0.774959, 0.087522, 0.742462, 0.223072, -0.631657, -0.056653, 0.0, 0.0, 0.0, 1.0],
                [0.429394, 0.780785, 0.453868, -0.104752, 0.597857, -0.622423, 0.505131, 0.087523, 0.676896, 0.054448, -0.734062, -0.056653, 0.0, 0.0, 0.0, 1.0],
                [-0.397949, -0.315482, -0.861457, -0.104752, -0.799413, -0.341435, 0.494329, 0.087522, -0.450084, 0.885377, -0.116327, -0.056652, 0.0, 0.0, 0.0, 1.0],
                [-0.703707, 0.039991, -0.709364, -0.104751, -0.709334, -0.09649, 0.698237, 0.087523, -0.040523, 0.99453, 0.096268, -0.056652, 0.0, 0.0, 0.0, 1.0],
                [-0.791188, 0.261521, -0.552837, -0.104752, -0.555893, 0.06933, 0.828358, 0.087522, 0.254962, 0.962705, 0.090524, -0.056652, 0.0, 0.0, 0.0, 1.0],
                [-0.759397, 0.53559, -0.369404, -0.104752, -0.263291, 0.266228, 0.927254, 0.087523, 0.594974, 0.801415, -0.061157, -0.056652, 0.0, 0.0, 0.0, 1.0],
                [-0.6223, 0.744383, -0.242152, -0.104751, 0.04803, 0.345076, 0.937345, 0.087523, 0.781304, 0.571679, -0.250493, -0.056652, 0.0, 0.0, 0.0, 1.0],
                [-0.380122, 0.904133, -0.195067, -0.104752, 0.402089, 0.351458, 0.84546, 0.087523, 0.832966, 0.242943, -0.497139, -0.056652, 0.0, 0.0, 0.0, 1.0],
                [0.471109, -0.364016, -0.803461, -0.104751, 0.711784, 0.694874, 0.102535, 0.087522, 0.52098, -0.620196, 0.586462, -0.056651, 0.0, 0.0, 0.0, 1.0],
                [0.757314, -0.399258, -0.516788, -0.104751, 0.652866, 0.481746, 0.58454, 0.087522, 0.015578, -0.780073, 0.625495, -0.056653, 0.0, 0.0, 0.0, 1.0],
                [0.516913, -0.357041, -0.778025, -0.104751, 0.474638, -0.63683, 0.607591, 0.087522, -0.712405, -0.683352, -0.159721, -0.056653, 0.0, 0.0, 0.0, 1.0],
                [0.372992, -0.823252, -0.42794, -0.104751, 0.07452, -0.433154, 0.898234, 0.087522, -0.924837, -0.366924, -0.100214, -0.056653, 0.0, 0.0, 0.0, 1.0],
                [0.287029, -0.957788, -0.015982, -0.104751, -0.020885, -0.022937, 0.999519, 0.087522, -0.957694, -0.286557, -0.026587, -0.056653, 0.0, 0.0, 0.0, 1.0],
                [0.28929, -0.956425, -0.039535, -0.104751, -0.031937, -0.050921, 0.998192, 0.087522, -0.956709, -0.287504, -0.045276, -0.056653, 0.0, 0.0, 0.0, 1.0],
                [0.291663, -0.956288, -0.021115, -0.104751, -0.031148, -0.031558, 0.999017, 0.087522, -0.956014, -0.290718, -0.038991, -0.056653, 0.0, 0.0, 0.0, 1.0],
                [0.291513, -0.95655, 0.005622, -0.104751, -0.022456, -0.000967, 0.999747, 0.087522, -0.956304, -0.291565, -0.021762, -0.056653, 0.0, 0.0, 0.0, 1.0],
                [0.290415, -0.956707, 0.019268, -0.104751, -0.009988, 0.017104, 0.999804, 0.087522, -0.956849, -0.29055, -0.004589, -0.056653, 0.0, 0.0, 0.0, 1.0],
                [0.288844, -0.957011, 0.026422, -0.104751, 0.002883, 0.028467, 0.999591, 0.087522, -0.957372, -0.28865, 0.010982, -0.056653, 0.0, 0.0, 0.0, 1.0],
                [0.289608, -0.956594, 0.032468, -0.104751, 0.011557, 0.037414, 0.999233, 0.087522, -0.957076, -0.28901, 0.021891, -0.056653, 0.0, 0.0, 0.0, 1.0],
                [0.294945, -0.954296, 0.048234, -0.104751, 0.01635, 0.055513, 0.998324, 0.087522, -0.955374, -0.293662, 0.031976, -0.056653, 0.0, 0.0, 0.0, 1.0],
                [0.300738, -0.95139, 0.06644, -0.104751, 0.017197, 0.075064, 0.997031, 0.087522, -0.953552, -0.298702, 0.038936, -0.056653, 0.0, 0.0, 0.0, 1.0],
                [0.298416, -0.951612, 0.073361, -0.104751, 0.014782, 0.081462, 0.996567, 0.087522, -0.954322, -0.296307, 0.038376, -0.056653, 0.0, 0.0, 0.0, 1.0],
                [0.290768, -0.954296, 0.069089, -0.104751, 0.00947, 0.075076, 0.997133, 0.087522, -0.956747, -0.28928, 0.030867, -0.056653, 0.0, 0.0, 0.0, 1.0],
                [0.282731, -0.957296, 0.060399, -0.104751, 0.002256, 0.063632, 0.997971, 0.087522, -0.959197, -0.282021, 0.020151, -0.056653, 0.0, 0.0, 0.0, 1.0],
                [0.275711, -0.960041, 0.048004, -0.104751, -0.004403, 0.048678, 0.998805, 0.087522, -0.961231, -0.275593, 0.009194, -0.056653, 0.0, 0.0, 0.0, 1.0],
                [0.269097, -0.962488, 0.034698, -0.104751, -0.007367, 0.033969, 0.999396, 0.087522, -0.963085, -0.26919, 0.00205, -0.056653, 0.0, 0.0, 0.0, 1.0],
                [0.263176, -0.964675, 0.011814, -0.104751, -0.001837, 0.011745, 0.99993, 0.087522, -0.964746, -0.263179, 0.001319, -0.056653, 0.0, 0.0, 0.0, 1.0],
                [0.25533, -0.966465, -0.027411, -0.104751, 0.016765, -0.02392, 0.999573, 0.087522, -0.966709, -0.255681, 0.010095, -0.056653, 0.0, 0.0, 0.0, 1.0],
