{
    "animation": [
        {
            "name": "Root",
            "time": [0.0, 0.1, 0.1333, 0.1667, 0.2, 0.2333, 0.2667, 0.3, 0.3333, 0.3667, 0.4, 0.4333, 0.4667, 0.5, 0.5333, 0.5667, 0.6, 0.6333, 0.6667, 0.7333, 0.8, 0.9, 1.1667, 1.3667],
            "transform": [
                [0.999994, -0.000678, 0.003381, -0.001522, 0.003384, 0.003851, -0.999987, -0.003202, 0.000665, 0.999992, 0.003854, 0.72392, 0.0, 0.0, 0.0, 1.0],
                [1.0, -0.0, 0.0, -0.027227, 0.0, 0.0, -1.0, 0.028755, -0.0, 1.0, 0.0, 0.949943, 0.0, 0.0, 0.0, 1.0],
                [1.0, -0.0, 0.0, -0.02962, 0.0, 0.0, -1.0, 0.034955, -0.0, 1.0, 0.0, 0.892184, 0.0, 0.0, 0.0, 1.0],
                [1.0, -0.0, 0.0, -0.02962, 0.0, 0.0, -1.0, 0.038999, -0.0, 1.0, 0.0, 0.845201, 0.0, 0.0, 0.0, 1.0],
                [1.0, -0.0, 0.0, -0.02962, 0.0, 0.0, -1.0, 0.041164, -0.0, 1.0, 0.0, 0.818511, 0.0, 0.0, 0.0, 1.0],
                [1.0, -0.0, 0.0, -0.02962, 0.0, 0.0, -1.0, 0.0439, -0.0, 1.0, 0.0, 0.786691, 0.0, 0.0, 0.0, 1.0],
                [1.0, -0.0, 0.0, -0.02962, 0.0, 0.0, -1.0, 0.046217, -0.0, 1.0, 0.0, 0.762133, 0.0, 0.0, 0.0, 1.0],
                [1.0, -0.0, 0.0, -0.02962, 0.0, 0.0, -1.0, 0.047385, -0.0, 1.0, 0.0, 0.750407, 0.0, 0.0, 0.0, 1.0],
                [1.0, -0.0, 0.0, -1.3e-05, 0.0, 0.0, -1.0, -0.007162, -0.0, 1.0, 0.0, 0.771802, 0.0, 0.0, 0.0, 1.0],
                [1.0, -0.0, 0.0, -1.3e-05, 0.0, 0.0, -1.0, -0.007162, -0.0, 1.0, 0.0, 0.771802, 0.0, 0.0, 0.0, 1.0],
                [1.0, -0.0, 0.0, -1.3e-05, 0.0, 0.0, -1.0, -0.007162, -0.0, 1.0, 0.0, 0.771802, 0.0, 0.0, 0.0, 1.0],
                [1.0, -0.0, 0.0, -1.3e-05, 0.0, 0.0, -1.0, -0.007162, -0.0, 1.0, 0.0, 0.771802, 0.0, 0.0, 0.0, 1.0],
                [1.0, -0.0, 0.0, -1.3e-05, 0.0, 0.0, -1.0, -0.007162, -0.0, 1.0, 0.0, 0.771802, 0.0, 0.0, 0.0, 1.0],
                [1.0, -0.0, 0.0, -1.3e-05, 0.0, 0.0, -1.0, -0.007162, -0.0, 1.0, 0.0, 0.771802, 0.0, 0.0, 0.0, 1.0],
                [1.0, -0.0, 0.0, -1.3e-05, 0.0, 0.0, -1.0, -0.007162, -0.0, 1.0, 0.0, 0.771802, 0.0, 0.0, 0.0, 1.0],
                [1.0, -0.0, 0.0, -1.3e-05, 0.0, 0.0, -1.0, -0.007162, -0.0, 1.0, 0.0, 0.771802, 0.0, 0.0, 0.0, 1.0],
                [1.0, -0.0, 0.0, -1.3e-05, 0.0, 0.0, -1.0, -0.007162, -0.0, 1.0, 0.0, 0.771802, 0.0, 0.0, 0.0, 1.0],
                [1.0, -0.0, 0.0, -0.000795, 0.0, 0.0, -1.0, -0.025944, -0.0, 1.0, 0.0, 0.573031, 0.0, 0.0, 0.0, 1.0],
                [1.0, -0.0, 0.0, -0.000795, 0.0, 0.0, -1.0, -0.025944, -0.0, 1.0, 0.0, 0.278934, 0.0, 0.0, 0.0, 1.0],
                [1.0, -0.0, 0.0, -0.000795, 0.0, 0.0, -1.0, -0.029051, -0.0, 1.0, 0.0, 0.215913, 0.0, 0.0, 0.0, 1.0],
                [1.0, -0.0, 0.0, -0.000795, 0.0, 0.0, -1.0, -0.064426, -0.0, 1.0, 0.0, 0.278934, 0.0, 0.0, 0.0, 1.0],
                [1.0, -0.0, 0.0, -0.000795, 0.0, 0.0, -1.0, -0.114772, -0.0, 1.0, 0.0, 0.362962, 0.0, 0.0, 0.0, 1.0],
                [1.0, -0.0, 0.0, -0.019877, 0.0, 0.0, -1.0, -0.148253, -0.0, 1.0, 0.0, 0.552024, 0.0, 0.0, 0.0, 1.0],
                [1.0, 0.000631, 1e-06, 0.000308, -1e-06, 0.003856, -0.999993, 0.001897, -0.000631, 0.999992, 0.003856, 0.670765, 0.0, 0.0, 0.0, 1.0]
            ]
        },
        {
            "name": "Thigh_R",
            "time": [0.0, 0.1, 0.1333, 0.1667, 0.2, 0.2333, 0.2667, 0.3, 0.3333, 0.3667, 0.4, 0.4333, 0.4667, 0.5, 0.5333, 0.5667, 0.6, 0.6333, 0.6667, 0.7333, 0.8, 0.9, 1.1667, 1.3667],
            "transform": [
                [0.979033, 0.03505, 0.200667, 0.125807, -0.203191, 0.098048, 0.974218, 0.049396, 0.014472, -0.994565, 0.103114, -0.045739, 0.0, 0.0, 0.0, 1.0],
                [0.939865, 0.180817, 0.289765, 0.070879, 0.298316, -0.847724, -0.438601, 0.049395, 0.166335, 0.498665, -0.850686, -0.03071, 0.0, 0.0, 0.0, 1.0],
                [0.942167, 0.067898, 0.328201, 0.0723, 0.241621, -0.816241, -0.524756, 0.049396, 0.232262, 0.573706, -0.78544, -0.022909, 0.0, 0.0, 0.0, 1.0],
                [0.953113, 0.092651, 0.288092, 0.082254, 0.197259, -0.912155, -0.35925, 0.049396, 0.2295, 0.399233, -0.887662, -0.040473, 0.0, 0.0, 0.0, 1.0],
                [0.968885, 0.163544, 0.185798, 0.09039, 0.183842, -0.978082, -0.09775, 0.049396, 0.16574, 0.128865, -0.977714, -0.049199, 0.0, 0.0, 0.0, 1.0],
                [0.995374, 0.0318, -0.090694, 0.105063, 0.070944, -0.87973, 0.47015, 0.049396, -0.064836, -0.474407, -0.877915, -0.052772, 0.0, 0.0, 0.0, 1.0],
                [0.988516, -0.149584, -0.021595, 0.120944, -0.067354, -0.563925, 0.823074, 0.049396, -0.135298, -0.812164, -0.567524, -0.033584, 0.0, 0.0, 0.0, 1.0],
                [0.987181, -0.126408, 0.097468, 0.122475, -0.154875, -0.610722, 0.776551, 0.049396, -0.038637, -0.781689, -0.62247, -0.018065, 0.0, 0.0, 0.0, 1.0],
                [0.999656, 0.025132, 0.008223, 0.102206, 0.025864, -0.864576, -0.501831, 0.049395, -0.005503, 0.501866, -0.864928, -0.093103, 0.0, 0.0, 0.0, 1.0],
                [0.999656, 0.025132, 0.008223, 0.102206, 0.025864, -0.864576, -0.501831, 0.049395, -0.005503, 0.501866, -0.864928, -0.093103, 0.0, 0.0, 0.0, 1.0],
                [0.999595, 0.020357, 0.020181, 0.104288, 0.027371, -0.468633, -0.882968, 0.049395, -0.008518, 0.883154, -0.469, -0.208962, 0.0, 0.0, 0.0, 1.0],
                [0.996352, 0.063129, 0.057523, 0.102532, 0.044573, 0.190165, -0.98074, 0.049396, -0.072852, 0.979716, 0.186658, -0.357151, 0.0, 0.0, 0.0, 1.0],
                [0.989972, 0.140419, 0.015871, 0.096914, -0.099618, 0.773103, -0.626405, 0.049395, -0.10023, 0.618534, 0.779337, -0.378133, 0.0, 0.0, 0.0, 1.0],
                [0.985395, 0.139294, -0.098017, 0.092467, -0.148991, 0.983793, -0.099723, 0.049395, 0.082538, 0.112869, 0.990177, -0.289638, 0.0, 0.0, 0.0, 1.0],
                [0.99245, 0.02943, -0.119115, 0.090482, 0.084583, 0.539167, 0.83794, 0.049396, 0.088884, -0.84168, 0.532606, -0.096177, 0.0, 0.0, 0.0, 1.0],
                [0.999755, 0.013786, 0.017616, 0.094393, -0.00733, -0.542109, 0.840276, 0.049396, 0.021134, -0.840192, -0.541874, 0.030805, 0.0, 0.0, 0.0, 1.0],
                [0.996027, 0.076487, 0.0457, 0.098641, 0.048756, -0.897179, 0.438964, 0.049395, 0.074577, -0.434988, -0.897343, 0.059888, 0.0, 0.0, 0.0, 1.0],
                [0.941288, 0.199054, 0.272694, 0.095486, 0.184087, -0.979672, 0.07969, 0.049396, 0.283015, -0.024812, -0.958796, 0.009852, 0.0, 0.0, 0.0, 1.0],
                [0.901349, 0.428279, 0.064448, 0.064723, 0.346295, -0.802026, 0.486653, 0.049395, 0.260115, -0.416323, -0.871215, 0.11108, 0.0, 0.0, 0.0, 1.0],
                [0.877269, 0.461236, -0.13292, 0.058549, 0.396808, -0.541027, 0.741508, 0.049395, 0.270099, -0.703239, -0.657647, 0.216923, 0.0, 0.0, 0.0, 1.0],
                [0.917012, 0.339088, 0.210039, 0.127198, 0.161869, -0.797633, 0.581013, 0.049395, 0.364552, -0.498793, -0.786326, 0.114613, 0.0, 0.0, 0.0, 1.0],
                [0.932314, 0.237382, 0.272853, 0.17893, 0.109844, -0.904658, 0.411734, 0.049395, 0.344579, -0.353891, -0.869499, -0.011254, 0.0, 0.0, 0.0, 1.0],
                [0.667847, 0.433586, 0.604969, 0.125452, 0.290659, -0.900188, 0.32431, 0.049395, 0.685206, -0.04075, -0.727212, 0.014203, 0.0, 0.0, 0.0, 1.0],
                [0.86071, 0.267312, 0.433264, 0.09946, 0.232709, -0.963527, 0.132167, 0.054652, 0.452788, -0.012933, -0.891523, 0.028345, 0.0, 0.0, 0.0, 1.0]
            ]
        },
        {
            "name": "Leg_R",
            "time": [0.0, 0.1, 0.1333, 0.1667, 0.2, 0.2333, 0.2667, 0.3, 0.3333, 0.3667, 0.4, 0.4333, 0.4667, 0.5, 0.5333, 0.5667, 0.6, 0.6333, 0.6667, 0.7333, 0.8, 0.9, 1.1667, 1.3667],
            "transform": [
                [0.999996, 0.001728, 0.000908, -0.0, 0.000908, -0.823493, 0.567328, 0.37472, 0.001728, -0.567326, -0.823493, 0.0, 0.0, 0.0, 0.0, 1.0],
                [1.0, -0.0, 0.0, 0.0, -0.0, 0.609259, 0.792972, 0.37472, -0.0, -0.792968, 0.609262, -0.0, 0.0, 0.0, 0.0, 1.0],
                [1.0, -0.0, 0.0, -0.0, -0.0, 0.890582, 0.454819, 0.37472, -0.0, -0.454817, 0.890586, -0.0, 0.0, 0.0, 0.0, 1.0],
                [1.0, 0.0, 0.0, 0.0, -0.0, 0.835313, 0.549772, 0.37472, -0.0, -0.54977, 0.835316, -0.0, 0.0, 0.0, 0.0, 1.0],
                [1.0, 0.0, 0.0, -0.0, -0.0, 0.602669, 0.797991, 0.37472, -0.0, -0.797987, 0.602672, 0.0, 0.0, 0.0, 0.0, 1.0],
                [1.0, -0.0, 0.0, -0.0, -0.0, -0.167443, 0.985884, 0.37472, -0.0, -0.985878, -0.167444, -0.0, 0.0, 0.0, 0.0, 1.0],
                [1.000001, -0.0, -0.0, 0.0, 0.0, -0.711353, 0.702834, 0.37472, -1e-06, -0.70283, -0.711357, 0.0, 0.0, 0.0, 0.0, 1.0],
                [1.0, -0.0, -0.0, -0.0, 0.0, -0.856918, 0.51545, 0.37472, -0.0, -0.515448, -0.856921, 0.0, 0.0, 0.0, 0.0, 1.0],
                [1.000006, 0.0, 0.0, -0.0, 0.0, -0.875931, 0.48243, 0.37472, 1e-06, -0.482431, -0.87593, -0.0, 0.0, 0.0, 0.0, 1.0],
                [1.000006, 0.0, 0.0, -0.0, 0.0, -0.875931, 0.48243, 0.37472, 1e-06, -0.482431, -0.87593, -0.0, 0.0, 0.0, 0.0, 1.0],
                [1.000006, 0.0, 0.0, 0.0, -0.0, -0.866459, 0.499243, 0.37472, 0.0, -0.499244, -0.866457, -0.0, 0.0, 0.0, 0.0, 1.0],
                [1.000006, -0.0, 0.0, 0.0, -0.0, -0.868442, 0.495785, 0.37472, 0.0, -0.495786, -0.86844, -0.0, 0.0, 0.0, 0.0, 1.0],
                [1.000006, -0.0, -0.0, -0.0, -0.0, -0.920146, 0.391569, 0.37472, -0.0, -0.391569, -0.920144, 0.0, 0.0, 0.0, 0.0, 1.0],
                [1.000006, -0.0, -0.0, -0.0, 0.0, -0.943764, 0.330611, 0.37472, -0.0, -0.330612, -0.943763, 0.0, 0.0, 0.0, 0.0, 1.0],
                [1.000005, -0.0, -0.0, -0.0, -0.0, -0.960228, 0.279213, 0.37472, -0.0, -0.279214, -0.960225, -0.0, 0.0, 0.0, 0.0, 1.0],
                [1.000005, 0.0, 0.0, 0.0, 0.0, -0.903805, 0.427938, 0.37472, 0.0, -0.427938, -0.903804, 0.0, 0.0, 0.0, 0.0, 1.0],
                [1.000005, 1e-06, 1e-06, -0.0, 0.0, -0.811047, 0.584976, 0.37472, 1e-06, -0.584976, -0.811046, 0.0, 0.0, 0.0, 0.0, 1.0],
                [1.000004, -1e-06, 1e-06, 0.0, -1e-06, 0.417163, 0.908831, 0.37472, -1e-06, -0.908827, 0.417165, -0.0, 0.0, 0.0, 0.0, 1.0],
                [1.000005, 0.0, 0.0, -0.0, 0.0, -0.634088, 0.773257, 0.37472, 0.0, -0.773257, -0.634088, 0.0, 0.0, 0.0, 0.0, 1.0],
                [1.000005, 1e-06, 0.0, 0.0, 0.0, -0.903075, 0.429477, 0.37472, 1e-06, -0.429478, -0.903073, -0.0, 0.0, 0.0, 0.0, 1.0],
                [1.000005, -0.0, 1e-06, -0.0, -1e-06, -0.720152, 0.693811, 0.37472, 0.0, -0.693811, -0.720152, 0.0, 0.0, 0.0, 0.0, 1.0],
                [1.000006, -1e-06, 1e-06, 0.0, -1e-06, -0.5499, 0.835227, 0.37472, -0.0, -0.835226, -0.549901, 0.0, 0.0, 0.0, 0.0, 1.0],
                [1.000004, -0.0, 0.0, 0.0, -0.0, 0.530699, 0.847559, 0.37472, -0.0, -0.847555, 0.530701, 0.0, 0.0, 0.0, 0.0, 1.0],
                [0.999994, -0.001635, 0.00107, -0.0, 0.001067, 0.915621, 0.402044, 0.37472, -0.001637, -0.402041, 0.915623, -0.0, 0.0, 0.0, 0.0, 1.0]
            ]
        },
        {
            "name": "Knee_R",
            "time": [0.0, 1.3667],
            "transform": [
                [1.0, 0.0, -0.0, -0.0, -0.0, 0.0, -1.0, 0.37472, -0.0, 1.0, 0.0, 0.0, 0.0, 0.0, 0.0, 1.0],
                [1.0, 0.0, -0.0, -0.0, -0.0, 0.0, -1.0, 0.37472, -0.0, 1.0, 0.0, -0.0, 0.0, 0.0, 0.0, 1.0]
            ]
        },
        {
            "name": "Thigh_L",
            "time": [0.0, 0.1, 0.1333, 0.1667, 0.2, 0.2333, 0.2667, 0.3, 0.3333, 0.3667, 0.4, 0.4333, 0.4667, 0.5, 0.5333, 0.5667, 0.6, 0.6333, 0.6667, 0.7333, 0.8, 0.9, 1.1667, 1.3667],
            "transform": [
                [0.697274, -0.706847, -0.119068, -0.093395, 0.127677, -0.040979, 0.990968, 0.029044, -0.705337, -0.706185, 0.061675, 0.033424, 0.0, 0.0, 0.0, 1.0],
                [0.980962, -0.149491, -0.123922, -0.120982, 0.036072, -0.48679, 0.872774, 0.029044, -0.190795, -0.860638, -0.47213, -0.004113, 0.0, 0.0, 0.0, 1.0],
                [0.945804, -0.274269, -0.173852, -0.118703, 0.203248, 0.082461, 0.975648, 0.029044, -0.253251, -0.958116, 0.133737, 0.011501, 0.0, 0.0, 0.0, 1.0],
                [0.905295, -0.303912, -0.296769, -0.107035, 0.271726, -0.122665, 0.954524, 0.029044, -0.326491, -0.944775, -0.028467, 0.004543, 0.0, 0.0, 0.0, 1.0],
                [0.877333, -0.368246, -0.307692, -0.097444, 0.302872, -0.072426, 0.950274, 0.029044, -0.372216, -0.926908, 0.04799, 0.004496, 0.0, 0.0, 0.0, 1.0],
                [0.887866, -0.408604, -0.211497, -0.080479, 0.241409, 0.022402, 0.970164, 0.029044, -0.391671, -0.912442, 0.118531, 0.014068, 0.0, 0.0, 0.0, 1.0],
                [0.931829, -0.362414, -0.018535, -0.069348, 0.052234, 0.083411, 0.995144, 0.029044, -0.359105, -0.928282, 0.096655, 0.019611, 0.0, 0.0, 0.0, 1.0],
                [0.949533, -0.300339, 0.09042, -0.070004, -0.096586, -0.005714, 0.995307, 0.029044, -0.29841, -0.953821, -0.034434, 0.026635, 0.0, 0.0, 0.0, 1.0],
                [0.982096, -0.131968, 0.134395, -0.093563, -0.188032, -0.728591, 0.658637, 0.029044, 0.011, -0.672123, -0.740361, -0.066692, 0.0, 0.0, 0.0, 1.0],
                [0.982096, -0.131968, 0.134395, -0.093563, -0.188032, -0.728591, 0.658637, 0.029044, 0.011, -0.672123, -0.740361, -0.066692, 0.0, 0.0, 0.0, 1.0],
                [0.980493, -0.154998, 0.120834, -0.091511, -0.164338, -0.983809, 0.071564, 0.029044, 0.107785, -0.090027, -0.99009, -0.183357, 0.0, 0.0, 0.0, 1.0],
                [0.988051, -0.14995, 0.035511, -0.093257, -0.04412, -0.496078, -0.867158, 0.029044, 0.147645, 0.855238, -0.496766, -0.331521, 0.0, 0.0, 0.0, 1.0],
                [0.994884, -0.094279, -0.036159, -0.097727, -0.008416, 0.279434, -0.960128, 0.029044, 0.100623, 0.955531, 0.277211, -0.3461, 0.0, 0.0, 0.0, 1.0],
                [0.9917, -0.091153, -0.09062, -0.101366, 0.008552, 0.75027, -0.661081, 0.029044, 0.128248, 0.654826, 0.744822, -0.255343, 0.0, 0.0, 0.0, 1.0],
                [0.981744, -0.153464, -0.112332, -0.10433, 0.183779, 0.917502, 0.352738, 0.029044, 0.048932, -0.366946, 0.928955, -0.068994, 0.0, 0.0, 0.0, 1.0],
                [0.987037, -0.158149, -0.027159, -0.1021, 0.08049, 0.34155, 0.936411, 0.029044, -0.138815, -0.926468, 0.349852, 0.050336, 0.0, 0.0, 0.0, 1.0],
                [0.990589, -0.122592, 0.060792, -0.098086, -0.063418, -0.017628, 0.997831, 0.029044, -0.121253, -0.992306, -0.025237, 0.077987, 0.0, 0.0, 0.0, 1.0],
                [0.995591, -0.090358, 0.024987, -0.100401, -0.077056, -0.636926, 0.767067, 0.029044, -0.053395, -0.765618, -0.64108, -0.010405, 0.0, 0.0, 0.0, 1.0],
                [0.996088, -0.003417, 0.088272, -0.12736, -0.088135, 0.029268, 0.995678, 0.029044, -0.005986, -0.999569, 0.028852, 0.077402, 0.0, 0.0, 0.0, 1.0],
                [0.994246, -0.106725, 0.008973, -0.130071, 0.022227, 0.287578, 0.957499, 0.029044, -0.10477, -0.951794, 0.288296, 0.176225, 0.0, 0.0, 0.0, 1.0],
                [0.966557, -0.256098, -0.013341, -0.066449, 0.030093, 0.061606, 0.997646, 0.029044, -0.254672, -0.964688, 0.067252, 0.101126, 0.0, 0.0, 0.0, 1.0],
                [0.949146, -0.314359, 0.017178, -0.015483, -0.03969, -0.065355, 0.997072, 0.029044, -0.312314, -0.947056, -0.074508, 0.005258, 0.0, 0.0, 0.0, 1.0],
                [0.976706, -0.155178, 0.148178, -0.050701, -0.213883, -0.64931, 0.729831, 0.029044, -0.01704, -0.744531, -0.667375, -0.074235, 0.0, 0.0, 0.0, 1.0],
                [0.98478, -0.167792, 0.045336, -0.125819, -0.173738, -0.942844, 0.284364, 0.049396, -0.004969, -0.287913, -0.957644, -0.045739, 0.0, 0.0, 0.0, 1.0]
            ]
        },
        {
            "name": "Leg_L",
            "time": [0.0, 0.1, 0.1333, 0.1667, 0.2, 0.2333, 0.2667, 0.3, 0.3333, 0.3667, 0.4, 0.4333, 0.4667, 0.5, 0.5333, 0.5667, 0.6, 0.6333, 0.6667, 0.7333, 0.8, 0.9, 1.1667, 1.3667],
            "transform": [
                [0.999995, -0.001803, -0.000759, 0.0, -0.000759, -0.715417, 0.6987, 0.37472, -0.001803, -0.698698, -0.715417, -0.0, 0.0, 0.0, 0.0, 1.0],
                [0.999997, 0.0, 0.0, 0.0, -0.0, -0.427665, 0.903938, 0.37472, 0.0, -0.903941, -0.427663, -0.0, 0.0, 0.0, 0.0, 1.0],
                [0.999997, 0.0, 0.0, 0.0, 0.0, -0.51421, 0.857666, 0.37472, 0.0, -0.857668, -0.514209, -0.0, 0.0, 0.0, 0.0, 1.0],
                [0.999997, 0.0, -0.0, -0.0, 0.0, -0.083837, 0.996479, 0.37472, 0.0, -0.996485, -0.083836, 0.0, 0.0, 0.0, 0.0, 1.0],
                [0.999996, 1e-06, 0.0, -0.0, -0.0, -0.18685, 0.982388, 0.37472, 1e-06, -0.982394, -0.186849, 0.0, 0.0, 0.0, 0.0, 1.0],
                [0.999996, 0.0, -0.0, -0.0, 0.0, -0.392602, 0.91971, 0.37472, 0.0, -0.919713, -0.3926, -0.0, 0.0, 0.0, 0.0, 1.0],
                [0.999997, 0.0, 0.0, 0.0, 0.0, -0.614902, 0.788606, 0.37472, 0.0, -0.788605, -0.614902, 0.0, 0.0, 0.0, 0.0, 1.0],
                [0.999996, 0.0, 0.0, -0.0, 0.0, -0.709897, 0.704308, 0.37472, 1e-06, -0.704307, -0.709898, 0.0, 0.0, 0.0, 0.0, 1.0],
                [0.999998, -0.0, 0.0, -0.0, -0.0, -0.755231, 0.655461, 0.37472, 0.0, -0.655462, -0.75523, -0.0, 0.0, 0.0, 0.0, 1.0],
                [0.999998, -0.0, 0.0, -0.0, -0.0, -0.755231, 0.655461, 0.37472, 0.0, -0.655462, -0.75523, -0.0, 0.0, 0.0, 0.0, 1.0],
                [0.999997, -0.0, 1e-06, -0.0, -1e-06, -0.8081, 0.589047, 0.37472, 0.0, -0.589047, -0.808101, 0.0, 0.0, 0.0, 0.0, 1.0],
                [0.999997, 0.0, 1e-06, 0.0, -1e-06, -0.742238, 0.670139, 0.37472, 1e-06, -0.670139, -0.742238, 0.0, 0.0, 0.0, 0.0, 1.0],
                [0.999997, -1e-06, 1e-06, -0.0, -1e-06, -0.709802, 0.704404, 0.37472, 0.0, -0.704405, -0.709801, -0.0, 0.0, 0.0, 0.0, 1.0],
                [0.999997, -0.0, 1e-06, 0.0, -1e-06, -0.774067, 0.633107, 0.37472, 0.0, -0.633107, -0.774067, -0.0, 0.0, 0.0, 0.0, 1.0],
                [0.999997, -0.0, 0.0, 0.0, -0.0, -0.75651, 0.653984, 0.37472, 0.0, -0.653984, -0.75651, -0.0, 0.0, 0.0, 0.0, 1.0],
                [0.999998, -1e-06, 0.0, 0.0, -1e-06, -0.593434, 0.804884, 0.37472, -0.0, -0.804885, -0.593433, 0.0, 0.0, 0.0, 0.0, 1.0],
                [0.999997, -1e-06, 0.0, 0.0, -1e-06, -0.444658, 0.895701, 0.37472, -0.0, -0.895705, -0.444656, -0.0, 0.0, 0.0, 0.0, 1.0],
                [0.999999, 1e-06, 0.0, -0.0, -0.0, 0.624691, 0.780873, 0.37472, 0.0, -0.780872, 0.624692, -0.0, 0.0, 0.0, 0.0, 1.0],
                [1.0, 0.0, 0.0, -0.0, -0.0, -0.12457, 0.992212, 0.37472, 0.0, -0.99221, -0.12457, 0.0, 0.0, 0.0, 0.0, 1.0],
                [0.999998, -1e-06, -2e-06, -0.0, 1e-06, -0.130977, 0.991386, 0.37472, -1e-06, -0.991387, -0.130977, 0.0, 0.0, 0.0, 0.0, 1.0],
                [0.999998, -1e-06, -1e-06, -0.0, 1e-06, 0.00701, 0.999977, 0.37472, -1e-06, -0.999975, 0.00701, 0.0, 0.0, 0.0, 0.0, 1.0],
                [0.999999, -1e-06, -0.0, 0.0, 0.0, 0.095786, 0.995404, 0.37472, -1e-06, -0.995401, 0.095787, 0.0, 0.0, 0.0, 0.0, 1.0],
                [1.0, -0.0, 0.0, -0.0, 0.0, 0.615203, 0.788369, 0.37472, -0.0, -0.788369, 0.615203, -0.0, 0.0, 0.0, 0.0, 1.0],
                [0.999995, -0.001679, 0.001003, -0.0, 0.001, 0.8796, 0.475716, 0.37472, -0.001681, -0.475715, 0.879598, -0.0, 0.0, 0.0, 0.0, 1.0]
            ]
        },
        {
            "name": "Knee_L",
            "time": [0.0, 1.3667],
            "transform": [
                [1.0, 0.0, -0.0, 0.0, -0.0, 0.0, -1.0, 0.37472, -0.0, 1.0, 0.0, -0.0, 0.0, 0.0, 0.0, 1.0],
                [1.0, 0.0, -0.0, -0.0, -0.0, 0.0, -1.0, 0.37472, -0.0, 1.0, 0.0, -0.0, 0.0, 0.0, 0.0, 1.0]
            ]
        },
        {
            "name": "Torso",
            "time": [0.0, 0.1, 0.1333, 0.1667, 0.2, 0.2333, 0.2667, 0.3, 0.3333, 0.3667, 0.4, 0.4333, 0.4667, 0.5, 0.5333, 0.5667, 0.6, 0.6333, 0.6667, 0.7333, 0.8, 0.9, 1.1667, 1.3667],
            "transform": [
                [0.929845, 0.276863, 0.242357, 0.0, -0.271447, 0.960813, -0.056163, 0.05, -0.248409, -0.013564, 0.96856, -0.0, 0.0, 0.0, 0.0, 1.0],
                [0.970945, -0.156055, 0.181425, -0.0, 0.197869, 0.949921, -0.241857, 0.05, -0.134596, 0.270727, 0.9532, 0.0, 0.0, 0.0, 0.0, 1.0],
                [0.966742, -0.111816, 0.230017, -0.0, 0.18731, 0.921919, -0.339083, 0.05, -0.174143, 0.370889, 0.912203, -0.0, 0.0, 0.0, 0.0, 1.0],
                [0.957932, -0.080447, 0.275491, -0.0, 0.17455, 0.925273, -0.33675, 0.05, -0.227814, 0.37067, 0.900391, 0.0, 0.0, 0.0, 0.0, 1.0],
                [0.950568, -0.062117, 0.304245, -0.0, 0.150289, 0.949417, -0.275713, 0.05, -0.271729, 0.307807, 0.911821, -0.0, 0.0, 0.0, 0.0, 1.0],
                [0.939133, -0.024385, 0.34269, -0.0, 0.047276, 0.99716, -0.058604, 0.05, -0.340288, 0.071237, 0.937619, -0.0, 0.0, 0.0, 0.0, 1.0],
                [0.963008, -0.058021, 0.263156, -0.0, -0.012224, 0.966133, 0.257749, 0.05, -0.269199, -0.251431, 0.929685, -0.0, 0.0, 0.0, 0.0, 1.0],
                [0.974076, -0.112482, 0.196279, -0.0, 0.002411, 0.872739, 0.48818, 0.05, -0.226212, -0.47505, 0.850385, 0.0, 0.0, 0.0, 0.0, 1.0],
                [0.990664, -0.117587, 0.068996, 0.0, 6.3e-05, 0.50647, 0.862257, 0.05, -0.136335, -0.8542, 0.501749, 0.0, 0.0, 0.0, 0.0, 1.0],
                [0.990664, -0.117587, 0.068996, 0.0, -0.023443, 0.351615, 0.935851, 0.05, -0.134304, -0.928729, 0.345576, 0.0, 0.0, 0.0, 0.0, 1.0],
                [0.990872, -0.134654, 0.006541, 0.0, -0.037212, -0.226548, 0.973289, 0.05, -0.129576, -0.964646, -0.229491, 0.0, 0.0, 0.0, 0.0, 1.0],
                [0.990863, -0.089986, -0.100473, 0.0, -0.036621, -0.896414, 0.441701, 0.05, -0.129812, -0.433985, -0.891519, 0.0, 0.0, 0.0, 0.0, 1.0],
                [0.984993, 0.015529, -0.171896, 0.0, -0.056736, -0.911462, -0.407452, 0.05, -0.163004, 0.411089, -0.896903, 0.0, 0.0, 0.0, 0.0, 1.0],
                [0.980923, 0.100588, -0.166356, 0.0, -0.08758, -0.535316, -0.840099, 0.05, -0.173557, 0.83864, -0.516294, 0.0, 0.0, 0.0, 0.0, 1.0],
                [0.986008, 0.159768, -0.047581, 0.0, -0.096265, 0.312679, -0.944968, 0.05, -0.136098, 0.936325, 0.323684, 0.0, 0.0, 0.0, 0.0, 1.0],
                [0.994778, 0.06399, 0.079523, 0.0, -0.032162, 0.935907, -0.350773, 0.05, -0.096872, 0.346383, 0.933078, 0.0, 0.0, 0.0, 0.0, 1.0],
                [0.99557, -0.042005, 0.084135, 0.0, 0.021299, 0.972162, 0.233333, 0.05, -0.091594, -0.230506, 0.96875, 0.0, 0.0, 0.0, 0.0, 1.0],
                [0.991343, 0.079959, -0.104156, -0.0, -0.082082, 0.996492, -0.016244, 0.05, 0.102492, 0.024652, 0.994428, -0.0, 0.0, 0.0, 0.0, 1.0],
                [0.973493, 0.148349, -0.174084, 0.0, -0.151833, 0.988381, -0.006789, 0.05, 0.171054, 0.03304, 0.984707, 0.0, 0.0, 0.0, 0.0, 1.0],
                [0.955205, 0.240153, -0.172951, 0.0, -0.212513, 0.96331, 0.163917, 0.05, 0.205971, -0.119819, 0.971195, 0.0, 0.0, 0.0, 0.0, 1.0],
                [0.981401, 0.184894, -0.051655, 0.0, -0.179426, 0.979106, 0.095683, 0.05, 0.068267, -0.084635, 0.994071, 0.0, 0.0, 0.0, 0.0, 1.0],
                [0.984217, 0.155629, 0.084254, 0.0, -0.155989, 0.987754, -0.00234, 0.05, -0.083587, -0.01084, 0.996441, 0.0, 0.0, 0.0, 0.0, 1.0],
                [0.892223, 0.031317, -0.450509, 0.0, -0.057416, 0.997362, -0.04438, 0.05, 0.447931, 0.065463, 0.891668, 0.0, 0.0, 0.0, 0.0, 1.0],
                [0.960069, 0.047514, -0.275703, 0.0, -0.048601, 0.998813, 0.002892, 0.05, 0.275514, 0.010623, 0.961238, 0.0, 0.0, 0.0, 0.0, 1.0]
            ]
        },
        {
            "name": "Chest",
            "time": [0.0, 0.1, 0.1333, 0.1667, 0.2, 0.2333, 0.2667, 0.3, 0.3333, 0.3667, 0.4, 0.4333, 0.4667, 0.5, 0.5333, 0.5667, 0.6, 0.6333, 0.6667, 0.7333, 0.8, 0.9, 1.1667, 1.3667],
            "transform": [
                [0.955056, 0.180875, -0.234849, -0.0, -0.037385, 0.85943, 0.509882, 0.3, 0.294062, -0.478185, 0.827566, -0.0, 0.0, 0.0, 0.0, 1.0],
                [0.987818, 0.154481, 0.018776, -0.0, -0.151039, 0.980799, -0.123363, 0.3, -0.037472, 0.119024, 0.992184, -0.0, 0.0, 0.0, 0.0, 1.0],
                [0.983107, 0.170352, 0.066956, -0.0, -0.165874, 0.983827, -0.06759, 0.3, -0.077388, 0.055342, 0.995463, -0.0, 0.0, 0.0, 0.0, 1.0],
                [0.97192, 0.194282, 0.132768, -0.0, -0.201129, 0.978741, 0.040137, 0.3, -0.122148, -0.065713, 0.990334, -0.0, 0.0, 0.0, 0.0, 1.0],
                [0.968858, 0.193358, 0.154693, -0.0, -0.217401, 0.963282, 0.157546, 0.3, -0.118551, -0.18627, 0.97532, -0.0, 0.0, 0.0, 0.0, 1.0],
                [0.973753, 0.184056, 0.1339, -0.0, -0.225736, 0.856269, 0.464591, 0.3, -0.029144, -0.482622, 0.875343, -0.0, 0.0, 0.0, 0.0, 1.0],
                [0.984288, 0.145722, 0.099716, 0.0, -0.169253, 0.617699, 0.767985, 0.3, 0.050318, -0.772793, 0.632659, 0.0, 0.0, 0.0, 0.0, 1.0],
                [0.991733, 0.125835, 0.025154, 0.0, -0.0797, 0.450363, 0.889281, 0.3, 0.100574, -0.883931, 0.45667, -0.0, 0.0, 0.0, 0.0, 1.0],
                [0.990625, 0.132097, -0.034815, 0.0, -0.029719, 0.457137, 0.8889, 0.3, 0.133336, -0.879529, 0.456779, 0.0, 0.0, 0.0, 0.0, 1.0],
                [0.993349, 0.114487, -0.012324, 0.0, -0.018308, 0.262696, 0.964706, 0.3, 0.113684, -0.95806, 0.263045, 0.0, 0.0, 0.0, 0.0, 1.0],
                [0.99533, 0.096507, 0.002386, -0.0, -0.022173, 0.204481, 0.97862, 0.3, 0.093956, -0.974099, 0.205667, 0.0, 0.0, 0.0, 0.0, 1.0],
                [0.999729, 0.021042, -0.009953, 0.0, 0.007235, 0.125518, 0.992065, 0.3, 0.022125, -0.991866, 0.125332, -0.0, 0.0, 0.0, 0.0, 1.0],
                [0.996291, -0.066472, -0.054646, 0.0, 0.06045, 0.088693, 0.994223, 0.3, -0.061242, -0.993837, 0.092382, -0.0, 0.0, 0.0, 0.0, 1.0],
                [0.989599, -0.106825, -0.096342, 0.0, 0.106054, 0.089302, 0.990343, 0.3, -0.09719, -0.990257, 0.099702, -0.0, 0.0, 0.0, 0.0, 1.0],
                [0.987656, -0.089601, -0.128482, -0.0, 0.140791, 0.148271, 0.978874, 0.3, -0.068658, -0.984877, 0.159057, 0.0, 0.0, 0.0, 0.0, 1.0],
                [0.995502, -0.005635, -0.094583, 0.0, 0.092895, 0.254641, 0.962564, 0.3, 0.018661, -0.967016, 0.25402, 0.0, 0.0, 0.0, 0.0, 1.0],
                [0.995485, 0.080081, -0.050969, -0.0, 0.02245, 0.323088, 0.946103, 0.3, 0.092233, -0.942973, 0.319832, 0.0, 0.0, 0.0, 0.0, 1.0],
                [0.992977, -0.034107, 0.113287, -0.0, -0.003856, 0.947703, 0.319125, 0.3, -0.118247, -0.31732, 0.940917, 0.0, 0.0, 0.0, 0.0, 1.0],
                [0.987594, -0.073079, 0.138991, -0.0, -0.008295, 0.8596, 0.510898, 0.3, -0.156813, -0.505712, 0.84833, 0.0, 0.0, 0.0, 0.0, 1.0],
                [0.992348, -0.052925, 0.111556, -0.0, -0.042367, 0.702676, 0.710247, 0.3, -0.115978, -0.709537, 0.695058, -0.0, 0.0, 0.0, 0.0, 1.0],
                [0.995411, -0.052566, 0.079967, 0.0, -0.005635, 0.80198, 0.597322, 0.3, -0.095531, -0.59503, 0.798005, 0.0, 0.0, 0.0, 0.0, 1.0],
                [0.996521, -0.036209, 0.075064, 0.0, -0.013513, 0.818563, 0.574257, 0.3, -0.082238, -0.573272, 0.815227, -0.0, 0.0, 0.0, 0.0, 1.0],
                [0.994352, -0.103129, 0.025062, -0.0, 0.080458, 0.886497, 0.455683, 0.3, -0.069211, -0.451093, 0.889789, -0.0, 0.0, 0.0, 0.0, 1.0],
                [0.999021, -0.040992, 0.016668, -0.0, 0.040347, 0.998486, 0.037357, 0.3, -0.018174, -0.036648, 0.999163, -0.0, 0.0, 0.0, 0.0, 1.0]
            ]
        },
        {
            "name": "Head",
            "time": [0.0, 0.1, 0.1333, 0.1667, 0.2, 0.2333, 0.2667, 0.3, 0.3333, 0.3667, 0.4, 0.4333, 0.4667, 0.5, 0.5333, 0.5667, 0.6, 0.6333, 0.6667, 0.7333, 0.8, 0.9, 1.1667, 1.3667],
            "transform": [
                [0.972714, -0.219871, -0.074035, 0.0, 0.218091, 0.975421, -0.031421, 0.4, 0.079124, 0.014417, 0.996762, -0.0, 0.0, 0.0, 0.0, 1.0],
                [0.98659, 0.002473, -0.163205, 0.0, 0.068015, 0.90271, 0.424834, 0.4, 0.148377, -0.430235, 0.89044, -0.0, 0.0, 0.0, 0.0, 1.0],
                [0.975295, -0.016481, -0.22029, -0.0, 0.100204, 0.921721, 0.374681, 0.4, 0.196871, -0.387497, 0.900605, -0.0, 0.0, 0.0, 0.0, 1.0],
                [0.958391, -0.053793, -0.280342, -0.0, 0.160247, 0.914121, 0.372425, 0.4, 0.236233, -0.401852, 0.884709, 0.0, 0.0, 0.0, 0.0, 1.0],
                [0.955644, -0.075621, -0.28465, 0.0, 0.192224, 0.892391, 0.40827, 0.4, 0.223145, -0.444876, 0.867348, -0.0, 0.0, 0.0, 0.0, 1.0],
                [0.981403, 0.02786, -0.189923, 0.0, 0.09117, 0.803038, 0.58891, 0.4, 0.168922, -0.595271, 0.785568, 0.0, 0.0, 0.0, 0.0, 1.0],
                [0.99657, 0.076916, -0.030512, 0.0, -0.022797, 0.60967, 0.792328, 0.4, 0.079546, -0.78891, 0.609336, 0.0, 0.0, 0.0, 0.0, 1.0],
                [0.998025, 0.062763, 0.002621, -0.0, -0.031782, 0.468513, 0.882886, 0.4, 0.054184, -0.881219, 0.469586, 0.0, 0.0, 0.0, 0.0, 1.0],
                [0.996772, 0.042743, -0.067972, -0.0, 0.058367, 0.19562, 0.978944, 0.4, 0.05514, -0.979742, 0.192496, 0.0, 0.0, 0.0, 0.0, 1.0],
                [0.996772, 0.042743, -0.067972, -0.0, 0.058367, 0.19562, 0.978944, 0.4, 0.05514, -0.979742, 0.192496, 0.0, 0.0, 0.0, 0.0, 1.0],
                [0.998251, 0.025551, -0.053323, -0.0, 0.050796, 0.091014, 0.994556, 0.4, 0.030266, -0.995517, 0.089558, 0.0, 0.0, 0.0, 0.0, 1.0],
                [0.997616, -0.014594, -0.067455, -0.0, 0.068112, 0.050526, 0.9964, 0.4, -0.011133, -0.998611, 0.0514, 0.0, 0.0, 0.0, 0.0, 1.0],
                [0.995714, -0.042713, -0.082043, 0.0, 0.08724, 0.138928, 0.986455, 0.4, -0.030737, -0.989376, 0.14206, 0.0, 0.0, 0.0, 0.0, 1.0],
                [0.99534, -0.044164, -0.085728, -0.0, 0.093012, 0.204905, 0.974355, 0.4, -0.025466, -0.977779, 0.20806, -0.0, 0.0, 0.0, 0.0, 1.0],
                [0.995243, -0.017274, -0.095896, 0.0, 0.097373, 0.212621, 0.972273, 0.4, 0.003595, -0.976976, 0.213293, -0.0, 0.0, 0.0, 0.0, 1.0],
                [0.994169, 0.006606, -0.107642, -0.0, 0.102051, 0.265094, 0.95881, 0.4, 0.03487, -0.964194, 0.262876, 0.0, 0.0, 0.0, 0.0, 1.0],
                [0.9935, 0.016463, -0.112642, -0.0, 0.098999, 0.363546, 0.926303, 0.4, 0.0562, -0.931425, 0.359555, -0.0, 0.0, 0.0, 0.0, 1.0],
                [0.985939, -0.15513, -0.062136, 0.0, 0.160052, 0.769647, 0.61808, 0.4, -0.04806, -0.61933, 0.783658, -0.0, 0.0, 0.0, 0.0, 1.0],
                [0.985506, -0.096648, -0.139424, -0.0, 0.132777, 0.950974, 0.279307, 0.4, 0.105594, -0.293769, 0.950027, 0.0, 0.0, 0.0, 0.0, 1.0],
                [0.951012, 0.193944, -0.240757, -0.0, 0.039906, 0.695223, 0.717684, 0.4, 0.306571, -0.692128, 0.65343, -0.0, 0.0, 0.0, 0.0, 1.0],
                [0.988245, 0.148135, -0.037804, -0.0, -0.004187, 0.273401, 0.961893, 0.4, 0.152827, -0.950419, 0.27081, 0.0, 0.0, 0.0, 0.0, 1.0],
                [0.995295, 0.087096, -0.042477, 0.0, -0.006639, 0.498607, 0.866804, 0.4, 0.096674, -0.862435, 0.496843, 0.0, 0.0, 0.0, 0.0, 1.0],
                [0.91692, -0.245454, 0.314663, -0.0, 0.182408, 0.959065, 0.216598, 0.4, -0.354949, -0.141205, 0.924162, -0.0, 0.0, 0.0, 0.0, 1.0],
                [0.962455, -0.038462, 0.268697, 0.0, 0.019332, 0.997108, 0.073484, 0.4, -0.270745, -0.065531, 0.960419, -0.0, 0.0, 0.0, 0.0, 1.0]
            ]
        },
        {
            "name": "Shoulder_R",
            "time": [0.0, 0.1, 0.1333, 0.1667, 0.2, 0.2333, 0.2667, 0.3, 0.3333, 0.3667, 0.4, 0.4333, 0.4667, 0.5, 0.5333, 0.5667, 0.6, 0.6333, 0.6667, 0.7333, 0.8, 0.9, 1.1667, 1.3667],
            "transform": [
                [0.302711, 0.952878, 0.020021, 0.0, -0.192423, 0.040531, 0.980482, 0.4, 0.933438, -0.30066, 0.195628, -0.0, 0.0, 0.0, 0.0, 1.0],
                [0.529904, 0.801807, -0.276238, 0.0, 0.248566, 0.164574, 0.954541, 0.4, 0.810791, -0.574487, -0.112096, -0.0, 0.0, 0.0, 0.0, 1.0],
                [0.567514, 0.758943, -0.319268, -0.0, 0.299996, 0.1705, 0.938588, 0.4, 0.766744, -0.62845, -0.130921, -0.0, 0.0, 0.0, 0.0, 1.0],
                [0.648203, 0.709981, -0.275234, -0.0, 0.290392, 0.10364, 0.951287, 0.4, 0.703897, -0.696563, -0.138996, 0.0, 0.0, 0.0, 0.0, 1.0],
                [0.737672, 0.653858, -0.168216, 0.0, 0.213704, 0.010202, 0.976855, 0.4, 0.640417, -0.756558, -0.132209, -0.0, 0.0, 0.0, 0.0, 1.0],
                [0.871111, 0.488744, 0.047645, 0.0, 0.062045, -0.205799, 0.976635, 0.4, 0.487113, -0.847816, -0.209602, 0.0, 0.0, 0.0, 0.0, 1.0],
                [0.886253, 0.415589, 0.20449, 0.0, -0.011147, -0.422233, 0.90643, 0.4, 0.463028, -0.805619, -0.36958, 0.0, 0.0, 0.0, 0.0, 1.0],
                [0.87451, 0.459438, 0.15532, -0.0, 0.076147, -0.446372, 0.891612, 0.4, 0.478954, -0.767909, -0.42535, 0.0, 0.0, 0.0, 0.0, 1.0],
                [0.988359, 0.139457, -0.060525, -0.0, 0.108259, -0.366176, 0.924236, 0.4, 0.106725, -0.920046, -0.377018, 0.0, 0.0, 0.0, 0.0, 1.0],
                [0.988359, 0.139457, -0.060525, -0.0, 0.108259, -0.366176, 0.924236, 0.4, 0.106725, -0.920046, -0.377018, 0.0, 0.0, 0.0, 0.0, 1.0],
                [0.980211, 0.181312, -0.079226, -0.0, 0.148351, -0.40853, 0.900617, 0.4, 0.130922, -0.894566, -0.427351, 0.0, 0.0, 0.0, 0.0, 1.0],
                [0.96679, 0.176071, -0.185158, -0.0, 0.247673, -0.467813, 0.848424, 0.4, 0.062761, -0.866122, -0.495894, 0.0, 0.0, 0.0, 0.0, 1.0],
                [0.94526, 0.100405, -0.310439, 0.0, 0.316986, -0.507905, 0.800977, 0.4, -0.077248, -0.855551, -0.511938, 0.0, 0.0, 0.0, 0.0, 1.0],
                [0.939259, 0.054707, -0.338779, -0.0, 0.318558, -0.506062, 0.80152, 0.4, -0.12759, -0.860771, -0.492759, -0.0, 0.0, 0.0, 0.0, 1.0],
                [0.961161, 0.026849, -0.274621, 0.0, 0.257371, -0.446022, 0.857227, 0.4, -0.099468, -0.894629, -0.435617, -0.0, 0.0, 0.0, 0.0, 1.0],
                [0.986233, 0.034379, -0.161634, -0.0, 0.163014, -0.362612, 0.917581, 0.4, -0.027064, -0.931316, -0.363231, 0.0, 0.0, 0.0, 0.0, 1.0],
                [0.993704, 0.06599, -0.090346, -0.0, 0.106857, -0.320637, 0.941165, 0.4, 0.033138, -0.944909, -0.325676, -0.0, 0.0, 0.0, 0.0, 1.0],
                [0.77453, 0.620378, -0.123369, 0.0, 0.203157, -0.059293, 0.977357, 0.4, 0.598995, -0.782069, -0.171961, -0.0, 0.0, 0.0, 0.0, 1.0],
                [0.810987, 0.569976, -0.131944, -0.0, 0.281463, -0.182417, 0.94208, 0.4, 0.512877, -0.801166, -0.308371, 0.0, 0.0, 0.0, 0.0, 1.0],
                [0.470681, 0.881328, 0.041546, -0.0, 0.462913, -0.286774, 0.838736, 0.4, 0.751091, -0.375551, -0.542967, -0.0, 0.0, 0.0, 0.0, 1.0],
                [0.249494, 0.959353, -0.131933, -0.0, 0.645472, -0.063195, 0.761162, 0.4, 0.721863, -0.275069, -0.635013, 0.0, 0.0, 0.0, 0.0, 1.0],
                [0.259497, 0.954546, -0.14668, 0.0, 0.635781, -0.054535, 0.769938, 0.4, 0.726919, -0.293057, -0.621044, 0.0, 0.0, 0.0, 0.0, 1.0],
                [0.480667, 0.875679, 0.046365, -0.0, 0.194247, -0.157891, 0.968171, 0.4, 0.855098, -0.456369, -0.245995, -0.0, 0.0, 0.0, 0.0, 1.0],
                [0.005858, 0.888043, 0.459737, 0.0, 0.182316, -0.452989, 0.87268, 0.4, 0.98321, 0.078706, -0.16456, -0.0, 0.0, 0.0, 0.0, 1.0]
            ]
        },
        {
            "name": "Arm_R",
            "time": [0.0, 0.1, 0.1333, 0.1667, 0.2, 0.2333, 0.2667, 0.3, 0.3333, 0.3667, 0.4, 0.4333, 0.4667, 0.5, 0.5333, 0.5667, 0.6, 0.6333, 0.6667, 0.7333, 0.8, 0.9, 1.1667, 1.3667],
            "transform": [
                [0.279659, 0.00123, -0.955362, -0.0, 0.199937, 0.981327, 0.058968, 0.39386, 0.940958, -0.20888, 0.271411, 0.0, 0.0, 0.0, 0.0, 1.0],
                [0.956093, 0.231519, 0.18861, 0.0, 0.079717, 0.416744, -0.901541, 0.39386, -0.288367, 0.882816, 0.376121, -0.0, 0.0, 0.0, 0.0, 1.0],
                [0.968448, 0.199443, 0.160365, 0.0, 0.049014, 0.47624, -0.874319, 0.39386, -0.251658, 0.860266, 0.446841, 0.0, 0.0, 0.0, 0.0, 1.0],
                [0.978617, -0.111027, 0.18216, -0.0, 0.198127, 0.796108, -0.572631, 0.39386, -0.081737, 0.600436, 0.792924, -0.0, 0.0, 0.0, 0.0, 1.0],
                [0.982096, -0.195983, -0.028455, -0.0, 0.186824, 0.966999, -0.189562, 0.39386, 0.064902, 0.182053, 0.976254, -0.0, 0.0, 0.0, 0.0, 1.0],
                [0.902847, -0.141896, -0.407549, -0.0, 0.221573, 0.966171, 0.153334, 0.393861, 0.37335, -0.230258, 0.894548, -0.0, 0.0, 0.0, 0.0, 1.0],
                [0.744649, -0.213416, -0.630995, 0.0, 0.467824, 0.846645, 0.26294, 0.39386, 0.479838, -0.494252, 0.722871, 0.0, 0.0, 0.0, 0.0, 1.0],
                [0.660922, -0.360521, -0.656662, -0.0, 0.61368, 0.76843, 0.19435, 0.39386, 0.436096, -0.534961, 0.721706, 0.0, 0.0, 0.0, 0.0, 1.0],
                [0.855332, -0.199261, -0.478794, 0.0, 0.402169, 0.842503, 0.363803, 0.393861, 0.33209, -0.507073, 0.79261, 0.0, 0.0, 0.0, 0.0, 1.0],
                [0.855332, -0.199261, -0.478794, 0.0, 0.402169, 0.842503, 0.363803, 0.393861, 0.33209, -0.507072, 0.79261, 0.0, 0.0, 0.0, 0.0, 1.0],
                [0.82805, -0.275335, -0.488912, 0.0, 0.451335, 0.848729, 0.283924, 0.39386, 0.337997, -0.458793, 0.818645, 0.0, 0.0, 0.0, 0.0, 1.0],
                [0.882305, -0.374185, -0.290493, 0.0, 0.420235, 0.903418, 0.114575, 0.39386, 0.220358, -0.224648, 0.94462, -0.0, 0.0, 0.0, 0.0, 1.0],
                [0.951929, -0.311388, -0.027796, 0.0, 0.307067, 0.950185, -0.095207, 0.39386, 0.056261, 0.082641, 0.989938, -0.0, 0.0, 0.0, 0.0, 1.0],
                [0.972324, -0.234896, 0.056174, 0.0, 0.239716, 0.967195, -0.115378, 0.39386, -0.027328, 0.126485, 0.986585, -0.0, 0.0, 0.0, 0.0, 1.0],
                [0.980092, -0.200797, 0.052987, 0.0, 0.194082, 0.978519, 0.105679, 0.393861, -0.073334, -0.093911, 0.987847, -0.0, 0.0, 0.0, 0.0, 1.0],
                [0.978983, -0.208282, -0.044048, 0.0, 0.20787, 0.893236, 0.403315, 0.39386, -0.04482, -0.406676, 0.908413, 0.0, 0.0, 0.0, 0.0, 1.0],
                [0.966389, -0.195335, -0.176749, -0.0, 0.260505, 0.815649, 0.518386, 0.39386, 0.043062, -0.550639, 0.830573, -0.0, 0.0, 0.0, 0.0, 1.0],
                [0.650687, -0.75403, -0.114856, 0.0, 0.698512, 0.651437, -0.30221, 0.39386, 0.303786, 0.117192, 0.940901, 0.0, 0.0, 0.0, 0.0, 1.0],
                [0.819136, -0.459084, -0.347594, 0.0, 0.435051, 0.89158, -0.146719, 0.39386, 0.378626, -0.031245, 0.920584, 0.0, 0.0, 0.0, 0.0, 1.0],
                [0.611786, 0.510567, -0.603623, -0.0, 0.37406, 0.492241, 0.783311, 0.39386, 0.69957, -0.7097, 0.109042, 0.0, 0.0, 0.0, 0.0, 1.0],
                [0.428837, 0.847441, -0.319858, 0.0, 0.721314, -0.104087, 0.68265, 0.39386, 0.547169, -0.526958, -0.649229, -0.0, 0.0, 0.0, 0.0, 1.0],
                [0.476806, 0.73966, -0.477132, -0.0, 0.616619, 0.11064, 0.776392, 0.39386, 0.629308, -0.668826, -0.39923, -0.0, 0.0, 0.0, 0.0, 1.0],
                [0.547082, 0.153136, -0.819505, -0.0, 0.622861, 0.587068, 0.517983, 0.39386, 0.562441, -0.799087, 0.223499, -0.0, 0.0, 0.0, 0.0, 1.0],
                [-0.188934, -0.039449, -0.979126, 0.0, 0.602429, 0.786093, -0.147159, 0.393861, 0.77549, -0.620276, -0.124228, -0.0, 0.0, 0.0, 0.0, 1.0]
            ]
        },
        {
            "name": "Hand_R",
            "time": [0.0, 0.1, 0.1333, 0.1667, 0.2, 0.2333, 0.2667, 0.3, 0.3333, 0.3667, 0.4, 0.4333, 0.4667, 0.5, 0.5333, 0.5667, 0.6, 0.6333, 0.6667, 0.7333, 0.8, 0.9, 1.1667, 1.3667],
            "transform": [
                [0.997799, 0.001954, 0.00027, 0.0, -0.000247, 0.265713, -0.958201, 0.3, -0.001935, 0.973638, 0.261499, 0.0, 0.0, 0.0, 0.0, 1.0],
                [0.997802, 0.0, -1e-06, 0.0, -1e-06, 0.252955, -0.961605, 0.3, -0.0, 0.977206, 0.248916, -0.0, 0.0, 0.0, 0.0, 1.0],
                [0.997802, -0.0, -0.0, 0.0, -0.0, 0.042328, -0.991974, 0.3, 0.0, 1.008981, 0.041614, -0.0, 0.0, 0.0, 0.0, 1.0],
                [0.997802, -1e-06, -0.0, -0.0, -0.0, -0.226528, -0.967868, 0.3, 0.0, 0.983776, -0.222865, 0.0, 0.0, 0.0, 0.0, 1.0],
                [0.997802, -0.0, -1e-06, -0.0, -1e-06, -0.146569, -0.982433, 0.3, 0.0, 0.999073, -0.144127, -0.0, 0.0, 0.0, 0.0, 1.0],
                [0.997802, 0.0, -0.0, 0.0, -0.0, 0.153617, -0.981419, 0.3, -0.0, 0.997983, 0.151067, 0.0, 0.0, 0.0, 0.0, 1.0],
                [0.997802, -0.0, 0.0, -0.0, 0.0, 0.245859, -0.963359, 0.3, 0.0, 0.979045, 0.24192, -0.0, 0.0, 0.0, 0.0, 1.0],
                [0.997802, 0.0, -1e-06, -0.0, -1e-06, 0.416962, -0.905257, 0.3, 0.0, 0.918268, 0.411054, 0.0, 0.0, 0.0, 0.0, 1.0],
                [0.997802, -0.0, -0.0, -0.0, 0.0, 0.640083, -0.768748, 0.3, 0.0, 0.776734, 0.633501, -0.0, 0.0, 0.0, 0.0, 1.0],
                [0.997802, -0.0, -0.0, -0.0, 0.0, 0.640083, -0.768748, 0.3, 0.0, 0.776734, 0.633501, 0.0, 0.0, 0.0, 0.0, 1.0],
                [0.997801, -1e-06, -0.0, -0.0, 0.0, 0.613994, -0.789228, 0.3, 0.0, 0.797865, 0.607347, -0.0, 0.0, 0.0, 0.0, 1.0],
