{
    "animation": [
        {
            "name": "Root",
            "time": [0.0, 0.0333, 0.0667, 0.1, 0.1333, 0.1667, 0.2, 0.2333, 0.2667, 0.3, 0.3333, 0.3667, 0.4, 0.4333, 0.4667, 0.5667, 0.7, 0.7333, 0.7667, 0.8, 0.8333, 0.8667, 0.9, 0.9333, 0.9667, 1.0, 1.0333, 1.0667, 1.1, 1.1333, 1.1667, 1.2, 1.2333, 1.2667, 1.3, 1.3333, 1.3667, 1.4, 1.4333, 1.4667, 1.5, 1.5333, 1.5667, 1.6, 1.6333, 1.6667, 1.7, 1.8, 1.8333, 1.8667, 1.9, 1.9333, 1.9667, 2.0, 2.1667],
            "transform": [
                [1.0, 0.000631, 1e-06, 0.000308, -1e-06, 0.003856, -0.999993, 0.001897, -0.000631, 0.999992, 0.003856, 0.670765, 0.0, 0.0, 0.0, 1.0],
                [0.999992, -4.8e-05, 0.003867, 0.027572, 0.003868, 0.003908, -0.999985, -0.045056, 3.3e-05, 0.999992, 0.003908, 0.641806, 0.0, 0.0, 0.0, 1.0],
                [0.999993, -0.000297, 0.003647, 0.038445, 0.003648, 0.003896, -0.999986, -0.058693, 0.000283, 0.999992, 0.003897, 0.560349, 0.0, 0.0, 0.0, 1.0],
                [0.999993, -0.000384, 0.003579, 0.031235, 0.00358, 0.003889, -0.999986, -0.079854, 0.00037, 0.999992, 0.00389, 0.474611, 0.0, 0.0, 0.0, 1.0],
                [0.999993, -0.000339, 0.003614, 0.019937, 0.003615, 0.003893, -0.999986, -0.088378, 0.000325, 0.999992, 0.003895, 0.437211, 0.0, 0.0, 0.0, 1.0],
                [0.999994, -0.00026, 0.003569, 0.008557, 0.00357, 0.003899, -0.999986, -0.096781, 0.000246, 0.999992, 0.0039, 0.405277, 0.0, 0.0, 0.0, 1.0],
                [0.999997, -0.000162, 0.002325, -0.003843, 0.002326, 0.003907, -0.99999, -0.103781, 0.000153, 0.999992, 0.003907, 0.377426, 0.0, 0.0, 0.0, 1.0],
                [0.999999, -6.4e-05, 0.001079, -0.016411, 0.00108, 0.003909, -0.999992, -0.109583, 6e-05, 0.999992, 0.003909, 0.352339, 0.0, 0.0, 0.0, 1.0],
                [1.0, 3e-05, 0.0, -0.028739, -0.0, 0.003908, -0.999992, -0.114015, -3e-05, 0.999992, 0.003908, 0.328872, 0.0, 0.0, 0.0, 1.0],
                [1.0, 0.000104, 0.0, -0.040263, -0.0, 0.003907, -0.999992, -0.116441, -0.000104, 0.999992, 0.003907, 0.305405, 0.0, 0.0, 0.0, 1.0],
                [1.0, 0.000217, 1e-06, -0.049012, -0.0, 0.003902, -0.999992, -0.109641, -0.000217, 0.999992, 0.003902, 0.287767, 0.0, 0.0, 0.0, 1.0],
                [0.999999, 0.000154, 0.001424, -0.063378, 0.001424, 0.003907, -0.999991, -0.092968, -0.00016, 0.999992, 0.003907, 0.295522, 0.0, 0.0, 0.0, 1.0],
                [0.999997, 0.000262, 0.002307, -0.076436, 0.002305, 0.003921, -0.99999, -0.064929, -0.000271, 0.999992, 0.003921, 0.35334, 0.0, 0.0, 0.0, 1.0],
                [0.999998, 0.001855, 3e-06, -0.049089, -3e-06, 0.003446, -0.999994, -0.048905, -0.001855, 0.999992, 0.003446, 0.438485, 0.0, 0.0, 0.0, 1.0],
                [0.999998, 0.002085, 3e-06, -0.055995, -4e-06, 0.003306, -0.999994, -0.046976, -0.002085, 0.999992, 0.003306, 0.510166, 0.0, 0.0, 0.0, 1.0],
                [0.999998, 0.002052, 3e-06, -0.063284, -4e-06, 0.003326, -0.999994, -0.045665, -0.002052, 0.999992, 0.003326, 0.529448, 0.0, 0.0, 0.0, 1.0],
                [0.999994, -0.001525, 0.002984, -0.17459, 0.002989, 0.003602, -0.999989, 0.4571, 0.001514, 0.999992, 0.003607, 0.474699, 0.0, 0.0, 0.0, 1.0],
                [0.999994, -0.001399, 0.003029, -0.208723, 0.003034, 0.003645, -0.999988, 0.441249, 0.001388, 0.999992, 0.00365, 0.375902, 0.0, 0.0, 0.0, 1.0],
                [0.999993, -0.002145, 0.002827, -0.219853, 0.002834, 0.003255, -0.99999, 0.340032, 0.002136, 0.999992, 0.003261, 0.330566, 0.0, 0.0, 0.0, 1.0],
                [0.999992, -0.002958, 0.002769, -0.202462, 0.002777, 0.002549, -0.999993, -0.042633, 0.002951, 0.999992, 0.002557, 0.475414, 0.0, 0.0, 0.0, 1.0],
                [0.999991, -0.00308, 0.00278, -0.19384, 0.002787, 0.002406, -0.999993, -0.224197, 0.003073, 0.999992, 0.002415, 0.522915, 0.0, 0.0, 0.0, 1.0],
                [0.999991, -0.003023, 0.002773, -0.192365, 0.00278, 0.002479, -0.999993, -0.261234, 0.003016, 0.999992, 0.002487, 0.504378, 0.0, 0.0, 0.0, 1.0],
                [0.999992, -0.002949, 0.002766, -0.189401, 0.002773, 0.002565, -0.999992, -0.293772, 0.002942, 0.999992, 0.002573, 0.487872, 0.0, 0.0, 0.0, 1.0],
                [0.999992, -0.002818, 0.00276, -0.175056, 0.002768, 0.002708, -0.999992, -0.317, 0.002811, 0.999992, 0.002715, 0.480984, 0.0, 0.0, 0.0, 1.0],
                [0.999992, -0.002641, 0.002763, -0.153884, 0.002771, 0.002883, -0.999992, -0.333059, 0.002633, 0.999992, 0.002891, 0.476781, 0.0, 0.0, 0.0, 1.0],
                [0.999993, -0.002461, 0.002775, -0.129887, 0.002782, 0.003036, -0.999991, -0.346627, 0.002453, 0.999992, 0.003043, 0.473638, 0.0, 0.0, 0.0, 1.0],
                [0.999993, -0.002384, 0.002783, -0.085553, 0.00279, 0.003098, -0.999991, -0.354905, 0.002375, 0.999992, 0.003105, 0.480644, 0.0, 0.0, 0.0, 1.0],
                [0.999993, -0.002378, 0.002784, -0.069192, 0.002791, 0.003102, -0.999991, -0.358746, 0.00237, 0.999992, 0.003108, 0.482688, 0.0, 0.0, 0.0, 1.0],
                [0.999993, -0.002385, 0.002783, -0.052837, 0.00279, 0.003096, -0.999991, -0.362445, 0.002377, 0.999992, 0.003103, 0.484729, 0.0, 0.0, 0.0, 1.0],
                [0.999993, -0.002393, 0.002782, -0.041116, 0.002789, 0.003091, -0.999991, -0.365678, 0.002384, 0.999992, 0.003097, 0.486653, 0.0, 0.0, 0.0, 1.0],
                [0.999993, -0.0024, 0.002781, -0.030117, 0.002788, 0.003085, -0.999991, -0.36812, 0.002392, 0.999992, 0.003091, 0.488749, 0.0, 0.0, 0.0, 1.0],
                [0.999993, -0.002407, 0.00278, -0.022545, 0.002788, 0.003079, -0.999991, -0.369446, 0.002399, 0.999992, 0.003086, 0.491856, 0.0, 0.0, 0.0, 1.0],
                [0.999993, -0.002415, 0.00278, -0.017861, 0.002787, 0.003073, -0.999991, -0.370078, 0.002406, 0.999992, 0.00308, 0.495843, 0.0, 0.0, 0.0, 1.0],
                [0.999993, -0.002429, 0.002778, -0.013178, 0.002786, 0.003063, -0.999991, -0.370617, 0.00242, 0.999992, 0.003069, 0.499828, 0.0, 0.0, 0.0, 1.0],
                [0.999993, -0.002442, 0.002777, -0.008495, 0.002784, 0.003052, -0.999991, -0.371005, 0.002434, 0.999992, 0.003059, 0.503813, 0.0, 0.0, 0.0, 1.0],
                [0.999993, -0.002456, 0.002775, -0.005923, 0.002783, 0.003041, -0.999991, -0.371187, 0.002447, 0.999992, 0.003048, 0.508406, 0.0, 0.0, 0.0, 1.0],
                [0.999993, -0.00247, 0.002774, -0.003353, 0.002782, 0.00303, -0.999991, -0.371108, 0.002462, 0.999992, 0.003036, 0.513, 0.0, 0.0, 0.0, 1.0],
                [0.999993, -0.00248, 0.002773, -0.000783, 0.002781, 0.003021, -0.999991, -0.37071, 0.002471, 0.999992, 0.003028, 0.517594, 0.0, 0.0, 0.0, 1.0],
                [0.999993, -0.002482, 0.002773, 0.000163, 0.00278, 0.003019, -0.999991, -0.369937, 0.002474, 0.999992, 0.003026, 0.523623, 0.0, 0.0, 0.0, 1.0],
                [0.999993, -0.002476, 0.002773, 0.001037, 0.002781, 0.003024, -0.999991, -0.368733, 0.002468, 0.999992, 0.003031, 0.529765, 0.0, 0.0, 0.0, 1.0],
                [0.999993, -0.00246, 0.002775, 0.001765, 0.002783, 0.003037, -0.999991, -0.367041, 0.002451, 0.999992, 0.003044, 0.536137, 0.0, 0.0, 0.0, 1.0],
                [0.999993, -0.002432, 0.002778, 0.00205, 0.002785, 0.00306, -0.999991, -0.364807, 0.002423, 0.999992, 0.003066, 0.543198, 0.0, 0.0, 0.0, 1.0],
                [0.999993, -0.002366, 0.002785, -0.000453, 0.002792, 0.003111, -0.999991, -0.360644, 0.002357, 0.999992, 0.003117, 0.553615, 0.0, 0.0, 0.0, 1.0],
                [0.999993, -0.002255, 0.0028, -0.005941, 0.002808, 0.003192, -0.999991, -0.354018, 0.002246, 0.999992, 0.003199, 0.567882, 0.0, 0.0, 0.0, 1.0],
                [0.999994, -0.002111, 0.002825, -0.011515, 0.002832, 0.003289, -0.99999, -0.346152, 0.002102, 0.999992, 0.003295, 0.58248, 0.0, 0.0, 0.0, 1.0],
                [0.999994, -0.001953, 0.002861, -0.016938, 0.002867, 0.003388, -0.99999, -0.338265, 0.001943, 0.999992, 0.003394, 0.597239, 0.0, 0.0, 0.0, 1.0],
                [0.999994, -0.001792, 0.002901, -0.021446, 0.002907, 0.003475, -0.999989, -0.331579, 0.001782, 0.999992, 0.00348, 0.61211, 0.0, 0.0, 0.0, 1.0],
                [0.999994, -0.001268, 0.003076, -0.024023, 0.003081, 0.003697, -0.999988, -0.315477, 0.001257, 0.999992, 0.003701, 0.655583, 0.0, 0.0, 0.0, 1.0],
                [0.999994, -0.001089, 0.003158, -0.023454, 0.003162, 0.003756, -0.999988, -0.311245, 0.001077, 0.999992, 0.003759, 0.668598, 0.0, 0.0, 0.0, 1.0],
                [0.999994, -0.000914, 0.003244, -0.022185, 0.003248, 0.003802, -0.999987, -0.30803, 0.000902, 0.999992, 0.003805, 0.680182, 0.0, 0.0, 0.0, 1.0],
                [0.999994, -0.000745, 0.003335, -0.01872, 0.003338, 0.003836, -0.999987, -0.305979, 0.000733, 0.999992, 0.003839, 0.685763, 0.0, 0.0, 0.0, 1.0],
                [0.999994, -0.000578, 0.00344, -0.014898, 0.003443, 0.003865, -0.999986, -0.304915, 0.000564, 0.999992, 0.003867, 0.689784, 0.0, 0.0, 0.0, 1.0],
                [0.999993, -0.000417, 0.003554, -0.01079, 0.003556, 0.003886, -0.999986, -0.304613, 0.000403, 0.999992, 0.003888, 0.692199, 0.0, 0.0, 0.0, 1.0],
                [0.999993, -0.000268, 0.00367, -0.007052, 0.003671, 0.003899, -0.999985, -0.304851, 0.000253, 0.999992, 0.0039, 0.694342, 0.0, 0.0, 0.0, 1.0],
                [1.0, 0.000631, 1e-06, -0.000514, -1e-06, 0.003856, -0.999993, -0.246465, -0.000631, 0.999992, 0.003856, 0.692921, 0.0, 0.0, 0.0, 1.0]
            ]
        },
        {
            "name": "Thigh_R",
            "time": [0.0, 0.0333, 0.0667, 0.1, 0.1333, 0.1667, 0.2, 0.2333, 0.2667, 0.3, 0.3333, 0.3667, 0.4, 0.4333, 0.4667, 0.5667, 0.6, 0.6333, 0.7, 0.7333, 0.7667, 0.8, 0.8333, 0.8667, 0.9, 0.9333, 0.9667, 1.0, 1.0333, 1.0667, 1.1, 1.1333, 1.1667, 1.2, 1.2333, 1.2667, 1.3, 1.3333, 1.3667, 1.4, 1.4333, 1.4667, 1.5, 1.5333, 1.5667, 1.6, 1.6333, 1.6667, 1.7, 1.8, 1.8333, 1.8667, 1.9, 1.9333, 1.9667, 2.0, 2.1667],
            "transform": [
                [0.86071, 0.267312, 0.433264, 0.09946, 0.232709, -0.963527, 0.132167, 0.054652, 0.452788, -0.012933, -0.891523, 0.028345, 0.0, 0.0, 0.0, 1.0],
                [0.994121, 0.043629, -0.099094, 0.103144, 0.064412, -0.973962, 0.217373, 0.05364, -0.08703, -0.222478, -0.971046, -0.1052, 0.0, 0.0, 0.0, 1.0],
                [0.954848, -0.085025, -0.284668, 0.103144, 0.04788, -0.90161, 0.429895, 0.05364, -0.29321, -0.424114, -0.856829, -0.1052, 0.0, 0.0, 0.0, 1.0],
                [0.93968, -0.072557, -0.334269, 0.103144, 0.064915, -0.921656, 0.382542, 0.05364, -0.335836, -0.381167, -0.861352, -0.1052, 0.0, 0.0, 0.0, 1.0],
                [0.96278, 0.099222, -0.251414, 0.103144, 0.131394, -0.984691, 0.114555, 0.05364, -0.236198, -0.143326, -0.961077, -0.1052, 0.0, 0.0, 0.0, 1.0],
                [0.959111, 0.261983, -0.1071, 0.102312, 0.247785, -0.96011, -0.12959, 0.061464, -0.136778, 0.097754, -0.985767, -0.084533, 0.0, 0.0, 0.0, 1.0],
                [0.941019, 0.335339, -0.045065, 0.101481, 0.324378, -0.931999, -0.161735, 0.069289, -0.096236, 0.137578, -0.985805, -0.063866, 0.0, 0.0, 0.0, 1.0],
                [0.936579, 0.34014, -0.084411, 0.100649, 0.329072, -0.936387, -0.122033, 0.077113, -0.12055, 0.086516, -0.988931, -0.043199, 0.0, 0.0, 0.0, 1.0],
                [0.927473, 0.359902, -0.10131, 0.099818, 0.351335, -0.931609, -0.09311, 0.084937, -0.127891, 0.050764, -0.990489, -0.022532, 0.0, 0.0, 0.0, 1.0],
                [0.904462, 0.422307, -0.060043, 0.098986, 0.417614, -0.905359, -0.076973, 0.092762, -0.086866, 0.044544, -0.995224, -0.001865, 0.0, 0.0, 0.0, 1.0],
                [0.867352, 0.497302, 0.019788, 0.07451, 0.497358, -0.864615, -0.071257, 0.094132, -0.018327, 0.071647, -0.997262, 0.030387, 0.0, 0.0, 0.0, 1.0],
                [0.829098, 0.544256, 0.127992, 0.050033, 0.558054, -0.819581, -0.129864, 0.095503, 0.03422, 0.179097, -0.983237, 0.06264, 0.0, 0.0, 0.0, 1.0],
                [0.789577, 0.545952, 0.280187, 0.025556, 0.597508, -0.78803, -0.1483, 0.096873, 0.139831, 0.284508, -0.948422, 0.094892, 0.0, 0.0, 0.0, 1.0],
                [0.693031, 0.542802, 0.474421, 0.001079, 0.62887, -0.776942, -0.029723, 0.098244, 0.352464, 0.318948, -0.879797, 0.127144, 0.0, 0.0, 0.0, 1.0],
                [0.654867, 0.49945, 0.567186, -0.001751, 0.623409, -0.781247, -0.031833, 0.089397, 0.427214, 0.374435, -0.822975, 0.130187, 0.0, 0.0, 0.0, 1.0],
                [0.590321, 0.500872, 0.632968, -0.010241, 0.645148, -0.764052, 0.002919, 0.062856, 0.485082, 0.406636, -0.774173, 0.139314, 0.0, 0.0, 0.0, 1.0],
                [0.785043, 0.521169, 0.334801, 0.040557, 0.511757, -0.850207, 0.123505, 0.068179, 0.349017, 0.07438, -0.93416, 0.126824, 0.0, 0.0, 0.0, 1.0],
                [0.914695, 0.403858, -0.015227, 0.108206, 0.389075, -0.86977, 0.303515, 0.03243, 0.109333, -0.283548, -0.952705, 0.074389, 0.0, 0.0, 0.0, 1.0],
                [0.847392, -0.124691, -0.516119, 0.102523, 0.300174, -0.689294, 0.659371, 0.005144, -0.437975, -0.713671, -0.546673, -0.011983, 0.0, 0.0, 0.0, 1.0],
                [0.853611, 0.021466, -0.520468, 0.061487, 0.45061, -0.531699, 0.717109, 0.015032, -0.261339, -0.846661, -0.463538, -0.068396, 0.0, 0.0, 0.0, 1.0],
                [0.697751, -0.104401, -0.708691, 0.020452, 0.643137, -0.344382, 0.683941, 0.024921, -0.315464, -0.933007, -0.173149, -0.124809, 0.0, 0.0, 0.0, 1.0],
                [0.801826, 0.183242, -0.568768, -0.028698, 0.380714, -0.890288, 0.249888, 0.077882, -0.460577, -0.416905, -0.783619, -0.110646, 0.0, 0.0, 0.0, 1.0],
                [0.820759, 0.25178, -0.512796, -0.077848, 0.406683, -0.887921, 0.214957, 0.130842, -0.4012, -0.384974, -0.831164, -0.096483, 0.0, 0.0, 0.0, 1.0],
                [0.843205, 0.27215, -0.463615, -0.071836, 0.467139, -0.797723, 0.381339, 0.126652, -0.266055, -0.538121, -0.799776, -0.093667, 0.0, 0.0, 0.0, 1.0],
                [0.861949, 0.270173, -0.429009, -0.065824, 0.483674, -0.691876, 0.536066, 0.122462, -0.15199, -0.669564, -0.727038, -0.09085, 0.0, 0.0, 0.0, 1.0],
                [0.875813, 0.225685, -0.426634, -0.059811, 0.465582, -0.628031, 0.623546, 0.118272, -0.127214, -0.744744, -0.655113, -0.088033, 0.0, 0.0, 0.0, 1.0],
                [0.892761, 0.177508, -0.414086, -0.053799, 0.434901, -0.57952, 0.689215, 0.114082, -0.11763, -0.795392, -0.594571, -0.085217, 0.0, 0.0, 0.0, 1.0],
                [0.908222, 0.110834, -0.403542, -0.046587, 0.398137, -0.525874, 0.751627, 0.110278, -0.128906, -0.843311, -0.521738, -0.082374, 0.0, 0.0, 0.0, 1.0],
                [0.902151, -8.4e-05, -0.431418, -0.039375, 0.371243, -0.509268, 0.776418, 0.106474, -0.219772, -0.860609, -0.459406, -0.079531, 0.0, 0.0, 0.0, 1.0],
                [0.895275, -0.043444, -0.443391, -0.032163, 0.361906, -0.509496, 0.780665, 0.102669, -0.259821, -0.859376, -0.440416, -0.076689, 0.0, 0.0, 0.0, 1.0],
                [0.892046, -0.072519, -0.446087, -0.024952, 0.351411, -0.509366, 0.785529, 0.098865, -0.284187, -0.857489, -0.428895, -0.073846, 0.0, 0.0, 0.0, 1.0],
                [0.892614, -0.087797, -0.442191, -0.01774, 0.339303, -0.515001, 0.787176, 0.09506, -0.29684, -0.852681, -0.429907, -0.071003, 0.0, 0.0, 0.0, 1.0],
                [0.893894, -0.097932, -0.437449, -0.010528, 0.328378, -0.521237, 0.787705, 0.091256, -0.305156, -0.847774, -0.433772, -0.068161, 0.0, 0.0, 0.0, 1.0],
                [0.894214, -0.105993, -0.434908, -0.003316, 0.319813, -0.52852, 0.786375, 0.087452, -0.313208, -0.842278, -0.438713, -0.065318, 0.0, 0.0, 0.0, 1.0],
                [0.892983, -0.113227, -0.435615, 0.003895, 0.314526, -0.535324, 0.783901, 0.083647, -0.321954, -0.837023, -0.442423, -0.062476, 0.0, 0.0, 0.0, 1.0],
                [0.891716, -0.118794, -0.436725, 0.007874, 0.310562, -0.541319, 0.78136, 0.080512, -0.329228, -0.832383, -0.445811, -0.063305, 0.0, 0.0, 0.0, 1.0],
                [0.890657, -0.122759, -0.437788, 0.011852, 0.307361, -0.546972, 0.778685, 0.077377, -0.335049, -0.828103, -0.449433, -0.064134, 0.0, 0.0, 0.0, 1.0],
                [0.889057, -0.125523, -0.440251, 0.01583, 0.306674, -0.550702, 0.776323, 0.074242, -0.339893, -0.82521, -0.451111, -0.064963, 0.0, 0.0, 0.0, 1.0],
                [0.888572, -0.126971, -0.440814, 0.019808, 0.303572, -0.557673, 0.772557, 0.071107, -0.343923, -0.820292, -0.456988, -0.065792, 0.0, 0.0, 0.0, 1.0],
                [0.888065, -0.128365, -0.441431, 0.023786, 0.300491, -0.564613, 0.768711, 0.067972, -0.347913, -0.815313, -0.462841, -0.066621, 0.0, 0.0, 0.0, 1.0],
                [0.887924, -0.127768, -0.441888, 0.027765, 0.296863, -0.574643, 0.762664, 0.064837, -0.351372, -0.808369, -0.47231, -0.067451, 0.0, 0.0, 0.0, 1.0],
                [0.887145, -0.126275, -0.443877, 0.031743, 0.293768, -0.587268, 0.754199, 0.061701, -0.355911, -0.799482, -0.483897, -0.06828, 0.0, 0.0, 0.0, 1.0],
                [0.887474, -0.124257, -0.443788, 0.035721, 0.287836, -0.602598, 0.744329, 0.058566, -0.359913, -0.788313, -0.499024, -0.069109, 0.0, 0.0, 0.0, 1.0],
                [0.887727, -0.121591, -0.44402, 0.039699, 0.281216, -0.620408, 0.732127, 0.055431, -0.364494, -0.774796, -0.516561, -0.069938, 0.0, 0.0, 0.0, 1.0],
                [0.890536, -0.115281, -0.440063, 0.043677, 0.270535, -0.6435, 0.716043, 0.052296, -0.365727, -0.756716, -0.541872, -0.070767, 0.0, 0.0, 0.0, 1.0],
                [0.899248, -0.098538, -0.426195, 0.057902, 0.255786, -0.671925, 0.695047, 0.050233, -0.354859, -0.734035, -0.579022, -0.080041, 0.0, 0.0, 0.0, 1.0],
                [0.910463, -0.078521, -0.406066, 0.072126, 0.239266, -0.700839, 0.671993, 0.04817, -0.337353, -0.708984, -0.619301, -0.089316, 0.0, 0.0, 0.0, 1.0],
                [0.921862, -0.058962, -0.383006, 0.086351, 0.222152, -0.729418, 0.646991, 0.046107, -0.317519, -0.681522, -0.659324, -0.09859, 0.0, 0.0, 0.0, 1.0],
                [0.931337, -0.043469, -0.361552, 0.100575, 0.206212, -0.755369, 0.622008, 0.044044, -0.300143, -0.653857, -0.69454, -0.107864, 0.0, 0.0, 0.0, 1.0],
                [0.968665, 0.001329, -0.248366, 0.102036, 0.140069, -0.828718, 0.541856, 0.014868, -0.205105, -0.559666, -0.802936, -0.035953, 0.0, 0.0, 0.0, 1.0],
                [0.983064, 0.018967, -0.182273, 0.102523, 0.111159, -0.852476, 0.510812, 0.005143, -0.145695, -0.522423, -0.840147, -0.011983, 0.0, 0.0, 0.0, 1.0],
                [0.99329, 0.030241, -0.111611, 0.102523, 0.080696, -0.872597, 0.48173, 0.005144, -0.082823, -0.487505, -0.869183, -0.011982, 0.0, 0.0, 0.0, 1.0],
                [0.998524, 0.032068, -0.043814, 0.102523, 0.048515, -0.889273, 0.454797, 0.005143, -0.024378, -0.456252, -0.889517, -0.011982, 0.0, 0.0, 0.0, 1.0],
                [0.99964, 0.022889, 0.013876, 0.102523, 0.014843, -0.905438, 0.424221, 0.005144, 0.022274, -0.423864, -0.905452, -0.011983, 0.0, 0.0, 0.0, 1.0],
                [0.998642, 0.034308, 0.039189, 0.102523, 0.016223, -0.919873, 0.39188, 0.005144, 0.049493, -0.390712, -0.919181, -0.011982, 0.0, 0.0, 0.0, 1.0],
                [0.99782, 0.051614, 0.041114, 0.102523, 0.037125, -0.954198, 0.296862, 0.005143, 0.054553, -0.294689, -0.954034, -0.011982, 0.0, 0.0, 0.0, 1.0],
                [0.86071, 0.267312, 0.433264, 0.09946, 0.232709, -0.963527, 0.132167, 0.054652, 0.452788, -0.012933, -0.891523, 0.028345, 0.0, 0.0, 0.0, 1.0]
            ]
        },
        {
            "name": "Leg_R",
            "time": [0.0, 0.0333, 0.0667, 0.1, 0.1333, 0.1667, 0.2, 0.2333, 0.2667, 0.3, 0.3333, 0.3667, 0.4, 0.4333, 0.4667, 0.5667, 0.7, 0.7333, 0.7667, 0.8, 0.8333, 0.8667, 0.9, 0.9333, 0.9667, 1.0, 1.0333, 1.0667, 1.1, 1.1333, 1.1667, 1.2, 1.2333, 1.2667, 1.3, 1.3333, 1.3667, 1.4, 1.4333, 1.4667, 1.5, 1.5333, 1.5667, 1.6, 1.6333, 1.6667, 1.7, 1.8, 1.8333, 1.8667, 1.9, 1.9333, 1.9667, 2.0, 2.1667],
            "transform": [
                [0.999994, -0.001635, 0.00107, -0.0, 0.001067, 0.915621, 0.402044, 0.37472, -0.001637, -0.402041, 0.915623, -0.0, 0.0, 0.0, 0.0, 1.0],
                [0.999996, -0.001869, 0.000576, 0.0, 0.000573, 0.561962, 0.827152, 0.37472, -0.00187, -0.827199, 0.561929, -0.0, 0.0, 0.0, 0.0, 1.0],
                [0.999996, -0.001953, 0.000102, 0.0, 0.0001, 0.103123, 0.994641, 0.37472, -0.001953, -0.994698, 0.103117, 0.0, 0.0, 0.0, 0.0, 1.0],
                [0.999997, -0.001953, -0.000111, -0.0, -0.000113, -0.114527, 0.993392, 0.37472, -0.001952, -0.993449, -0.11452, -0.0, 0.0, 0.0, 0.0, 1.0],
                [0.999997, -0.001956, 1.1e-05, -0.0, 9e-06, 0.010256, 0.999919, 0.37472, -0.001956, -0.999976, 0.010256, 0.0, 0.0, 0.0, 0.0, 1.0],
                [0.999997, -0.001942, 0.000231, 0.0, 0.000229, 0.233528, 0.972324, 0.37472, -0.001942, -0.972379, 0.233515, -0.0, 0.0, 0.0, 0.0, 1.0],
                [0.999996, -0.001938, 0.000262, -0.0, 0.00026, 0.264589, 0.964336, 0.37472, -0.001938, -0.964391, 0.264574, 0.0, 0.0, 0.0, 0.0, 1.0],
                [0.999997, -0.001946, 0.000195, -0.0, 0.000193, 0.1973, 0.980317, 0.37472, -0.001946, -0.980372, 0.197288, 0.0, 0.0, 0.0, 0.0, 1.0],
                [0.999996, -0.00195, 0.000146, 0.0, 0.000144, 0.147808, 0.988989, 0.37472, -0.00195, -0.989045, 0.1478, 0.0, 0.0, 0.0, 0.0, 1.0],
                [0.999997, -0.001951, 0.000131, 0.0, 0.000129, 0.132383, 0.991171, 0.37472, -0.001951, -0.991227, 0.132376, -0.0, 0.0, 0.0, 0.0, 1.0],
                [0.999997, -0.00195, 0.000152, 0.0, 0.00015, 0.154384, 0.987984, 0.37472, -0.00195, -0.988039, 0.154375, 0.0, 0.0, 0.0, 0.0, 1.0],
                [0.999997, -0.001931, 0.000311, -0.0, 0.00031, 0.313487, 0.949569, 0.37472, -0.001932, -0.949622, 0.313469, 0.0, 0.0, 0.0, 0.0, 1.0],
                [0.999997, -0.001877, 0.000554, 0.0, 0.000552, 0.542455, 0.840071, 0.37472, -0.001877, -0.840118, 0.542424, -0.0, 0.0, 0.0, 0.0, 1.0],
                [0.999997, -0.001815, 0.000737, -0.0, 0.000735, 0.696155, 0.717891, 0.37472, -0.001816, -0.71793, 0.696115, 0.0, 0.0, 0.0, 0.0, 1.0],
                [0.999997, -0.001703, 0.000959, 0.0, 0.000957, 0.854335, 0.519749, 0.37472, -0.001705, -0.519777, 0.854285, 0.0, 0.0, 0.0, 0.0, 1.0],
                [0.999997, -0.001676, 0.001007, -0.0, 0.001004, 0.882079, 0.471135, 0.37472, -0.001678, -0.47116, 0.882029, -0.0, 0.0, 0.0, 0.0, 1.0],
                [1.0, -0.001948, -0.000183, 0.0, -0.000184, -0.18674, 0.982411, 0.37472, -0.001948, -0.982405, -0.186741, 0.0, 0.0, 0.0, 0.0, 1.0],
                [0.999999, -0.001928, -0.000331, -0.0, -0.000332, -0.334139, 0.942525, 0.37472, -0.001928, -0.94252, -0.33414, -0.0, 0.0, 0.0, 0.0, 1.0],
                [0.999999, -0.001954, -0.000183, -0.0, -0.000185, -0.187077, 0.982346, 0.37472, -0.001954, -0.982341, -0.187077, 0.0, 0.0, 0.0, 0.0, 1.0],
                [0.999999, -0.001951, 0.000311, -0.0, 0.000308, 0.309254, 0.950981, 0.37472, -0.001952, -0.950976, 0.309255, 0.0, 0.0, 0.0, 0.0, 1.0],
                [0.999999, -0.001871, 0.000567, -0.0, 0.000564, 0.553379, 0.83293, 0.37472, -0.001872, -0.832925, 0.553381, 0.0, 0.0, 0.0, 0.0, 1.0],
                [0.999999, -0.001903, 0.000451, 0.0, 0.000449, 0.447891, 0.894088, 0.37472, -0.001903, -0.894084, 0.447892, -0.0, 0.0, 0.0, 0.0, 1.0],
                [0.999999, -0.001924, 0.000348, 0.0, 0.000346, 0.349481, 0.936944, 0.37472, -0.001924, -0.93694, 0.349481, -0.0, 0.0, 0.0, 0.0, 1.0],
                [0.999999, -0.001931, 0.000313, -0.0, 0.00031, 0.314521, 0.949251, 0.37472, -0.001931, -0.949247, 0.314522, 0.0, 0.0, 0.0, 0.0, 1.0],
                [1.0, -0.001937, 0.000273, -0.0, 0.000269, 0.274304, 0.961644, 0.37472, -0.001938, -0.961638, 0.274305, 0.0, 0.0, 0.0, 0.0, 1.0],
                [0.999999, -0.001941, 0.000237, -0.0, 0.000234, 0.239129, 0.970989, 0.37472, -0.001941, -0.970985, 0.239129, -0.0, 0.0, 0.0, 0.0, 1.0],
                [1.0, -0.001944, 0.000213, 0.0, 0.000209, 0.214692, 0.976683, 0.37472, -0.001945, -0.976678, 0.214692, 0.0, 0.0, 0.0, 0.0, 1.0],
                [0.999999, -0.001943, 0.000219, 0.0, 0.000217, 0.221603, 0.975138, 0.37472, -0.001944, -0.975133, 0.221604, -0.0, 0.0, 0.0, 0.0, 1.0],
                [0.999999, -0.001942, 0.000237, 0.0, 0.000234, 0.238748, 0.971083, 0.37472, -0.001942, -0.971077, 0.238749, -0.0, 0.0, 0.0, 0.0, 1.0],
                [0.999999, -0.001938, 0.000258, -0.0, 0.000256, 0.260941, 0.965356, 0.37472, -0.001939, -0.965351, 0.260942, -0.0, 0.0, 0.0, 0.0, 1.0],
                [0.999998, -0.001935, 0.000281, 0.0, 0.000279, 0.282998, 0.959121, 0.37472, -0.001936, -0.959118, 0.282998, -0.0, 0.0, 0.0, 0.0, 1.0],
                [0.999999, -0.001932, 0.0003, 0.0, 0.000296, 0.301299, 0.953531, 0.37472, -0.001932, -0.953526, 0.3013, -0.0, 0.0, 0.0, 0.0, 1.0],
                [0.999999, -0.001931, 0.000313, -0.0, 0.000313, 0.315902, 0.948793, 0.37472, -0.001931, -0.948788, 0.315903, -0.0, 0.0, 0.0, 0.0, 1.0],
                [0.999999, -0.001927, 0.000329, 0.0, 0.000326, 0.33043, 0.943832, 0.37472, -0.001928, -0.943827, 0.330431, 0.0, 0.0, 0.0, 0.0, 1.0],
                [0.999999, -0.001926, 0.000341, 0.0, 0.000338, 0.341704, 0.939808, 0.37472, -0.001926, -0.939805, 0.341705, -0.0, 0.0, 0.0, 0.0, 1.0],
                [0.999999, -0.001923, 0.000352, -0.0, 0.000349, 0.352929, 0.935651, 0.37472, -0.001924, -0.935647, 0.35293, -0.0, 0.0, 0.0, 0.0, 1.0],
                [0.999999, -0.001921, 0.000364, -0.0, 0.000361, 0.364103, 0.93136, 0.37472, -0.001922, -0.931355, 0.364104, -0.0, 0.0, 0.0, 0.0, 1.0],
                [0.999999, -0.001919, 0.000375, 0.0, 0.000372, 0.375227, 0.926934, 0.37472, -0.00192, -0.926929, 0.375227, 0.0, 0.0, 0.0, 0.0, 1.0],
                [0.999999, -0.001917, 0.00039, -0.0, 0.000387, 0.389395, 0.921072, 0.37472, -0.001917, -0.921066, 0.389396, -0.0, 0.0, 0.0, 0.0, 1.0],
                [0.999999, -0.001913, 0.000405, 0.0, 0.000402, 0.403473, 0.914992, 0.37472, -0.001914, -0.914987, 0.403474, -0.0, 0.0, 0.0, 0.0, 1.0],
                [0.999999, -0.001909, 0.000425, -0.0, 0.000422, 0.422867, 0.906192, 0.37472, -0.001909, -0.906188, 0.422868, -0.0, 0.0, 0.0, 0.0, 1.0],
                [0.999998, -0.001904, 0.000445, -0.0, 0.000443, 0.442069, 0.896982, 0.37472, -0.001905, -0.896978, 0.44207, -0.0, 0.0, 0.0, 0.0, 1.0],
                [0.999999, -0.001898, 0.000473, 0.0, 0.00047, 0.46792, 0.883772, 0.37472, -0.001898, -0.883767, 0.467921, 0.0, 0.0, 0.0, 0.0, 1.0],
                [0.999999, -0.00189, 0.0005, 0.0, 0.000497, 0.493377, 0.869816, 0.37472, -0.001891, -0.869812, 0.493378, -0.0, 0.0, 0.0, 0.0, 1.0],
                [0.999999, -0.001881, 0.000535, 0.0, 0.000532, 0.524862, 0.851188, 0.37472, -0.001882, -0.851184, 0.524863, 0.0, 0.0, 0.0, 0.0, 1.0],
                [0.999999, -0.001869, 0.000575, 0.0, 0.000572, 0.560531, 0.828134, 0.37472, -0.00187, -0.828129, 0.560534, -0.0, 0.0, 0.0, 0.0, 1.0],
                [0.999998, -0.001855, 0.000619, -0.0, 0.000616, 0.599155, 0.800633, 0.37472, -0.001856, -0.80063, 0.599156, 0.0, 0.0, 0.0, 0.0, 1.0],
                [0.999999, -0.001781, 0.000806, -0.0, 0.000802, 0.749753, 0.661717, 0.37472, -0.001783, -0.661713, 0.749755, -0.0, 0.0, 0.0, 0.0, 1.0],
                [0.999999, -0.001746, 0.00088, -0.0, 0.000877, 0.802804, 0.59624, 0.37472, -0.001747, -0.596236, 0.802808, -0.0, 0.0, 0.0, 0.0, 1.0],
                [0.999998, -0.001709, 0.000949, 0.0, 0.000946, 0.848025, 0.529954, 0.37472, -0.001711, -0.529951, 0.848027, 0.0, 0.0, 0.0, 0.0, 1.0],
                [0.999999, -0.001671, 0.001015, -0.0, 0.001012, 0.886509, 0.462708, 0.37472, -0.001673, -0.462704, 0.886512, 0.0, 0.0, 0.0, 0.0, 1.0],
                [0.999998, -0.001629, 0.001081, -0.0, 0.001078, 0.920819, 0.389986, 0.37472, -0.001631, -0.389983, 0.920822, -0.0, 0.0, 0.0, 0.0, 1.0],
                [0.999999, -0.001685, 0.000991, 0.0, 0.000987, 0.87282, 0.48804, 0.37472, -0.001687, -0.488036, 0.872823, -0.0, 0.0, 0.0, 0.0, 1.0],
                [0.999999, -0.001722, 0.000925, 0.0, 0.000922, 0.832805, 0.553564, 0.37472, -0.001724, -0.55356, 0.832808, -0.0, 0.0, 0.0, 0.0, 1.0],
                [0.999994, -0.001635, 0.00107, 0.0, 0.001067, 0.915621, 0.402044, 0.37472, -0.001637, -0.402041, 0.915623, 0.0, 0.0, 0.0, 0.0, 1.0]
            ]
        },
        {
            "name": "Knee_R",
            "time": [0.0, 2.1667],
            "transform": [
                [1.0, 0.0, -0.0, -0.0, -0.0, 0.0, -1.0, 0.37472, -0.0, 1.0, 0.0, -0.0, 0.0, 0.0, 0.0, 1.0],
                [1.0, 0.0, -0.0, 0.0, -0.0, 0.0, -1.0, 0.37472, -0.0, 1.0, 0.0, 0.0, 0.0, 0.0, 0.0, 1.0]
            ]
        },
        {
            "name": "Thigh_L",
            "time": [0.0, 0.0333, 0.0667, 0.1, 0.1333, 0.1667, 0.2, 0.2333, 0.2667, 0.3, 0.3333, 0.3667, 0.4, 0.4333, 0.4667, 0.5667, 0.7, 0.7333, 0.7667, 0.8, 0.8333, 0.8667, 0.9, 0.9333, 0.9667, 1.0, 1.0333, 1.0667, 1.1, 1.1333, 1.1667, 1.2, 1.2333, 1.2667, 1.3, 1.3333, 1.3667, 1.4, 1.4333, 1.4667, 1.5, 1.5333, 1.5667, 1.6, 1.6333, 1.6667, 1.7, 1.8, 1.8333, 1.8667, 1.9, 1.9333, 1.9667, 2.0, 2.1667],
            "transform": [
                [0.98478, -0.167792, 0.045336, -0.125819, -0.173738, -0.942844, 0.284364, 0.049396, -0.004969, -0.287913, -0.957644, -0.045739, 0.0, 0.0, 0.0, 1.0],
                [0.974075, -0.219606, -0.054298, -0.10277, -0.158713, -0.834461, 0.527718, 0.010859, -0.1612, -0.505421, -0.847682, 0.00196, 0.0, 0.0, 0.0, 1.0],
                [0.95745, -0.288136, 0.016326, -0.100173, -0.210775, -0.659504, 0.721545, 0.020657, -0.197137, -0.694285, -0.692175, 0.014905, 0.0, 0.0, 0.0, 1.0],
                [0.950361, -0.291619, 0.108507, -0.098518, -0.248075, -0.49964, 0.82995, 0.024692, -0.187815, -0.815669, -0.547182, 0.019182, 0.0, 0.0, 0.0, 1.0],
                [0.953235, -0.251364, 0.167811, -0.10012, -0.261611, -0.408202, 0.874603, 0.019215, -0.151343, -0.877601, -0.454872, 0.017034, 0.0, 0.0, 0.0, 1.0],
                [0.953808, -0.203285, 0.221197, -0.10205, -0.279088, -0.327066, 0.90285, 0.009817, -0.11119, -0.922876, -0.368692, 0.013151, 0.0, 0.0, 0.0, 1.0],
                [0.95352, -0.15549, 0.258121, -0.102979, -0.2909, -0.251479, 0.923112, -0.002922, -0.078623, -0.955289, -0.285022, 0.008382, 0.0, 0.0, 0.0, 1.0],
                [0.950169, -0.118754, 0.288237, -0.102047, -0.305817, -0.175651, 0.935747, -0.0161, -0.060495, -0.977261, -0.203216, 0.00326, 0.0, 0.0, 0.0, 1.0],
                [0.947526, -0.094367, 0.305439, -0.099299, -0.31444, -0.102749, 0.9437, -0.028658, -0.057671, -0.990219, -0.12703, -0.001323, 0.0, 0.0, 0.0, 1.0],
                [0.945883, -0.0898, 0.311842, -0.095634, -0.315613, -0.031031, 0.94838, -0.038896, -0.075488, -0.995473, -0.057693, -0.004947, 0.0, 0.0, 0.0, 1.0],
                [0.946032, -0.118791, 0.301522, -0.092345, -0.302218, 0.012555, 0.953156, -0.045304, -0.117013, -0.992837, -0.024024, -0.010161, 0.0, 0.0, 0.0, 1.0],
                [0.954338, -0.166871, 0.247784, -0.091517, -0.253795, -0.015367, 0.967136, -0.047472, -0.15758, -0.985856, -0.057017, -0.007373, 0.0, 0.0, 0.0, 1.0],
                [0.967411, -0.159364, 0.19678, -0.093341, -0.229556, -0.22394, 0.947182, -0.042463, -0.106881, -0.961483, -0.253225, -0.012949, 0.0, 0.0, 0.0, 1.0],
                [0.941889, -0.272325, 0.196679, -0.055345, -0.316772, -0.525189, 0.78983, -0.02078, -0.111796, -0.806237, -0.580934, -0.084779, 0.0, 0.0, 0.0, 1.0],
                [0.944951, -0.292794, 0.146073, -0.044505, -0.31052, -0.661688, 0.682456, 0.002823, -0.103164, -0.690248, -0.716181, -0.093239, 0.0, 0.0, 0.0, 1.0],
                [0.943201, -0.313501, 0.109944, -0.045577, -0.309833, -0.710645, 0.631655, 0.019086, -0.119893, -0.629843, -0.767414, -0.090778, 0.0, 0.0, 0.0, 1.0],
                [0.504987, -0.618748, -0.60178, -0.061382, -0.641896, -0.735326, 0.217408, 0.054693, -0.577025, 0.276492, -0.768502, 0.062636, 0.0, 0.0, 0.0, 1.0],
                [0.518482, -0.552721, -0.652439, -0.065435, -0.654546, -0.747514, 0.113107, 0.054496, -0.550224, 0.368408, -0.749353, 0.057932, 0.0, 0.0, 0.0, 1.0],
                [0.214814, -0.730677, -0.648049, -0.033377, -0.575662, -0.630751, 0.520353, 0.057697, -0.788966, 0.261279, -0.556117, 0.07779, 0.0, 0.0, 0.0, 1.0],
                [0.09058, -0.849675, -0.51947, 0.014882, 0.498582, -0.412849, 0.762215, -0.005603, -0.862097, -0.32804, 0.386236, 0.099936, 0.0, 0.0, 0.0, 1.0],
                [-0.185327, -0.892805, -0.410554, 0.024061, 0.309151, -0.449549, 0.838052, -0.028694, -0.932781, 0.028391, 0.359325, 0.096323, 0.0, 0.0, 0.0, 1.0],
                [-0.257254, -0.83312, -0.489625, 0.020129, -0.192707, -0.452272, 0.870813, -0.020187, -0.946935, 0.318374, -0.0442, 0.099337, 0.0, 0.0, 0.0, 1.0],
                [-0.233577, -0.692065, -0.683, 0.014289, -0.486958, -0.524734, 0.698231, -0.011876, -0.841614, 0.495683, -0.214441, 0.101664, 0.0, 0.0, 0.0, 1.0],
                [-0.229768, -0.711254, -0.664322, 0.004267, -0.430953, -0.537667, 0.724703, -0.008315, -0.872632, 0.452805, -0.182978, 0.102925, 0.0, 0.0, 0.0, 1.0],
                [-0.23764, -0.726063, -0.645261, -0.009982, -0.415616, -0.524409, 0.743141, -0.002532, -0.877947, 0.444781, -0.177143, 0.102835, 0.0, 0.0, 0.0, 1.0],
                [-0.24645, -0.734361, -0.632438, -0.022003, -0.397262, -0.518677, 0.757072, 0.004605, -0.883994, 0.437825, -0.163906, 0.100877, 0.0, 0.0, 0.0, 1.0],
                [-0.204421, -0.746286, -0.633459, -0.026759, -0.382011, -0.534993, 0.753559, 0.016141, -0.901265, 0.396032, -0.175725, 0.098514, 0.0, 0.0, 0.0, 1.0],
                [-0.178994, -0.758272, -0.626886, -0.027105, -0.377724, -0.535382, 0.755441, 0.014381, -0.908452, 0.37201, -0.190588, 0.098692, 0.0, 0.0, 0.0, 1.0],
                [-0.12794, -0.771024, -0.623823, -0.026849, -0.377453, -0.543806, 0.749536, 0.010739, -0.917148, 0.33136, -0.221451, 0.099224, 0.0, 0.0, 0.0, 1.0],
                [-0.068058, -0.782503, -0.618917, -0.026346, -0.382196, -0.552582, 0.740661, 0.006719, -0.921571, 0.286956, -0.261462, 0.099712, 0.0, 0.0, 0.0, 1.0],
                [-0.014613, -0.788423, -0.61496, -0.025801, -0.387376, -0.562531, 0.73041, 0.00323, -0.921807, 0.248894, -0.297196, 0.100027, 0.0, 0.0, 0.0, 1.0],
                [0.017265, -0.787275, -0.616361, -0.025386, -0.388541, -0.573286, 0.721373, 0.000959, -0.92127, 0.227027, -0.315787, 0.100181, 0.0, 0.0, 0.0, 1.0],
                [0.026373, -0.782988, -0.621479, -0.024875, -0.385902, -0.581478, 0.716215, 0.000107, -0.922162, 0.220941, -0.317492, 0.100314, 0.0, 0.0, 0.0, 1.0],
                [0.029249, -0.778545, -0.626908, -0.02409, -0.382862, -0.588073, 0.712452, -0.000427, -0.923342, 0.219181, -0.315276, 0.100504, 0.0, 0.0, 0.0, 1.0],
                [0.026339, -0.773766, -0.632925, -0.023067, -0.378881, -0.593634, 0.709964, -0.000723, -0.925071, 0.221104, -0.308801, 0.100742, 0.0, 0.0, 0.0, 1.0],
                [0.021229, -0.767437, -0.640774, -0.02204, -0.373064, -0.600707, 0.707089, -0.001018, -0.927563, 0.224039, -0.299055, 0.100969, 0.0, 0.0, 0.0, 1.0],
                [0.015584, -0.760736, -0.648875, -0.021246, -0.369276, -0.607453, 0.703303, -0.000867, -0.929189, 0.228654, -0.290388, 0.10114, 0.0, 0.0, 0.0, 1.0],
                [0.009453, -0.752086, -0.658998, -0.02045, -0.365671, -0.615982, 0.697748, -0.000716, -0.930696, 0.234381, -0.280839, 0.101305, 0.0, 0.0, 0.0, 1.0],
                [0.007172, -0.740854, -0.671629, -0.020251, -0.365985, -0.62699, 0.687706, -0.000221, -0.930593, 0.240874, -0.275638, 0.101348, 0.0, 0.0, 0.0, 1.0],
                [0.008741, -0.725687, -0.68797, -0.02057, -0.36776, -0.642111, 0.672641, 0.000222, -0.929879, 0.247129, -0.272491, 0.101283, 0.0, 0.0, 0.0, 1.0],
                [0.017292, -0.707556, -0.706447, -0.021711, -0.374003, -0.659837, 0.651719, 0.000876, -0.927267, 0.252944, -0.276038, 0.101042, 0.0, 0.0, 0.0, 1.0],
                [0.034792, -0.684869, -0.727836, -0.023663, -0.384008, -0.681531, 0.62294, 0.001564, -0.922674, 0.257821, -0.286707, 0.100594, 0.0, 0.0, 0.0, 1.0],
                [0.069879, -0.639136, -0.765913, -0.027866, -0.407345, -0.719143, 0.562942, 0.002668, -0.910597, 0.272653, -0.310602, 0.099488, 0.0, 0.0, 0.0, 1.0],
                [0.130906, -0.563046, -0.815993, -0.034819, -0.444527, -0.769034, 0.459329, 0.004492, -0.886148, 0.302602, -0.35096, 0.097207, 0.0, 0.0, 0.0, 1.0],
                [0.209529, -0.471279, -0.856735, -0.043242, -0.474899, -0.814953, 0.332149, 0.006376, -0.854733, 0.337268, -0.394566, 0.093656, 0.0, 0.0, 0.0, 1.0],
                [0.304104, -0.464557, -0.83169, -0.051986, -0.479538, -0.829013, 0.28772, 0.008143, -0.823143, 0.31133, -0.474878, 0.088957, 0.0, 0.0, 0.0, 1.0],
                [0.380694, -0.450771, -0.80739, -0.060014, -0.484014, -0.841111, 0.241378, 0.009389, -0.78791, 0.298897, -0.538385, 0.083622, 0.0, 0.0, 0.0, 1.0],
                [0.676401, -0.507845, -0.533457, -0.081611, -0.230177, -0.833755, 0.501869, 0.010864, -0.699643, -0.216675, -0.680847, 0.062488, 0.0, 0.0, 0.0, 1.0],
                [0.763269, -0.479716, -0.432775, -0.087488, -0.160602, -0.789697, 0.592104, 0.010196, -0.625803, -0.38243, -0.679794, 0.054084, 0.0, 0.0, 0.0, 1.0],
                [0.82842, -0.382588, -0.40908, -0.092186, -0.103799, -0.822577, 0.559102, 0.009077, -0.550404, -0.42071, -0.721151, 0.045854, 0.0, 0.0, 0.0, 1.0],
                [0.876017, -0.26162, -0.405153, -0.095915, -0.05447, -0.888375, 0.455878, 0.007564, -0.479194, -0.377288, -0.792482, 0.037769, 0.0, 0.0, 0.0, 1.0],
                [0.913522, -0.1723, -0.368495, -0.098851, -0.018276, -0.922337, 0.385957, 0.006255, -0.406376, -0.345847, -0.845724, 0.029542, 0.0, 0.0, 0.0, 1.0],
                [0.941176, -0.159356, -0.297984, -0.100944, -0.038468, -0.926616, 0.374037, 0.005473, -0.335722, -0.340571, -0.878238, 0.021538, 0.0, 0.0, 0.0, 1.0],
                [0.958893, -0.151573, -0.239898, -0.102253, -0.056297, -0.930205, 0.3627, 0.005384, -0.278129, -0.334285, -0.900499, 0.014103, 0.0, 0.0, 0.0, 1.0],
                [0.98478, -0.167792, 0.045336, -0.125819, -0.173738, -0.942844, 0.284364, 0.049396, -0.004969, -0.287913, -0.957644, -0.045739, 0.0, 0.0, 0.0, 1.0]
            ]
        },
        {
            "name": "Leg_L",
            "time": [0.0, 0.0333, 0.0667, 0.1, 0.1333, 0.1667, 0.2, 0.2333, 0.2667, 0.3, 0.3333, 0.3667, 0.4, 0.4333, 0.4667, 0.5667, 0.7, 0.7333, 0.7667, 0.8, 0.8333, 0.8667, 0.9, 0.9333, 0.9667, 1.0, 1.0333, 1.0667, 1.1, 1.1333, 1.1667, 1.2, 1.2333, 1.2667, 1.3, 1.3333, 1.3667, 1.4, 1.4333, 1.4667, 1.5, 1.5333, 1.5667, 1.6, 1.6333, 1.6667, 1.7, 1.8, 1.8333, 1.8667, 1.9, 1.9333, 1.9667, 2.0, 2.1667],
            "transform": [
                [0.999995, -0.001679, 0.001003, -0.0, 0.001, 0.8796, 0.475716, 0.37472, -0.001681, -0.475715, 0.879598, -0.0, 0.0, 0.0, 0.0, 1.0],
                [0.999998, -0.00177, 0.00083, 0.0, 0.000827, 0.767699, 0.640809, 0.37472, -0.001772, -0.640805, 0.767702, 0.0, 0.0, 0.0, 0.0, 1.0],
                [0.999998, -0.001877, 0.000548, 0.0, 0.000544, 0.536065, 0.844178, 0.37472, -0.001878, -0.844174, 0.536066, -0.0, 0.0, 0.0, 0.0, 1.0],
                [0.999998, -0.001926, 0.000335, -0.0, 0.00033, 0.335271, 0.942123, 0.37472, -0.001927, -0.942119, 0.335272, -0.0, 0.0, 0.0, 0.0, 1.0],
                [0.999997, -0.001945, 0.000204, -0.0, 0.000199, 0.20513, 0.978736, 0.37472, -0.001945, -0.978733, 0.20513, 0.0, 0.0, 0.0, 0.0, 1.0],
                [0.999998, -0.001954, 8.6e-05, 0.0, 8.1e-05, 0.085007, 0.996381, 0.37472, -0.001954, -0.996378, 0.085008, 0.0, 0.0, 0.0, 0.0, 1.0],
                [0.999998, -0.001956, -2.6e-05, -0.0, -3e-05, -0.028305, 0.999601, 0.37472, -0.001956, -0.999596, -0.028305, -0.0, 0.0, 0.0, 0.0, 1.0],
                [0.999998, -0.001952, -0.000122, -0.0, -0.000126, -0.12665, 0.991949, 0.37472, -0.001952, -0.991945, -0.12665, 0.0, 0.0, 0.0, 0.0, 1.0],
                [0.999997, -0.001945, -0.000208, 0.0, -0.00021, -0.212706, 0.977118, 0.37472, -0.001945, -0.977113, -0.212706, -0.0, 0.0, 0.0, 0.0, 1.0],
                [0.999998, -0.001935, -0.000286, -0.0, -0.000288, -0.29028, 0.956944, 0.37472, -0.001935, -0.956938, -0.290281, -0.0, 0.0, 0.0, 0.0, 1.0],
                [0.999998, -0.001921, -0.000366, -0.0, -0.000368, -0.368472, 0.92964, 0.37472, -0.001921, -0.929636, -0.368473, 0.0, 0.0, 0.0, 0.0, 1.0],
                [0.999997, -0.001914, -0.000404, -0.0, -0.000404, -0.404011, 0.914756, 0.37472, -0.001914, -0.914752, -0.404011, -0.0, 0.0, 0.0, 0.0, 1.0],
