{
    "animation": [
        {
            "name": "Root",
            "time": [0.0, 0.0333, 0.0667, 0.1, 0.1333, 0.1667, 0.2, 0.2333, 0.2667, 0.3, 0.3333, 0.3667, 0.4, 0.4333, 0.4667, 0.5, 0.5333, 0.5667, 0.6, 0.6667, 0.7, 0.7333, 0.7667, 0.8, 0.8333, 0.8667, 0.9, 0.9333, 0.9667, 1.0],
            "transform": [
                [0.999998, 0.002052, 3e-06, -0.063284, -4e-06, 0.003326, -0.999994, -0.045665, -0.002052, 0.999992, 0.003326, 0.529448, 0.0, 0.0, 0.0, 1.0],
                [0.999998, 0.001985, 3e-06, -0.094841, -4e-06, 0.003366, -0.999994, 0.035811, -0.001985, 0.999992, 0.003366, 0.560475, 0.0, 0.0, 0.0, 1.0],
                [0.999998, 0.001936, 3e-06, -0.136101, -3e-06, 0.003395, -0.999994, 0.093738, -0.001936, 0.999992, 0.003395, 0.577181, 0.0, 0.0, 0.0, 1.0],
                [0.999998, 0.001844, 3e-06, -0.158955, -3e-06, 0.003446, -0.999994, 0.118428, -0.001844, 0.999992, 0.003446, 0.574041, 0.0, 0.0, 0.0, 1.0],
                [0.999999, 0.001611, 3e-06, -0.151359, -3e-06, 0.003558, -0.999994, 0.076788, -0.001611, 0.999992, 0.003558, 0.5326, 0.0, 0.0, 0.0, 1.0],
                [0.999999, 0.000935, 2e-06, -0.072777, -2e-06, 0.003789, -0.999993, -0.132136, -0.000935, 0.999992, 0.003789, 0.379652, 0.0, 0.0, 0.0, 1.0],
                [1.0, 0.000407, 1e-06, -0.044494, -1e-06, 0.003887, -0.999992, -0.262097, -0.000407, 0.999992, 0.003887, 0.338141, 0.0, 0.0, 0.0, 1.0],
                [1.0, 0.000556, 1e-06, -0.041357, -1e-06, 0.003867, -0.999993, -0.283882, -0.000556, 0.999992, 0.003867, 0.356111, 0.0, 0.0, 0.0, 1.0],
                [1.0, 0.00054, 2e-06, -0.006901, -0.0, 0.003867, -0.999993, -0.194151, -0.00054, 0.999992, 0.003867, 0.363361, 0.0, 0.0, 0.0, 1.0],
                [0.999992, -2.5e-05, 0.003891, 0.067466, 0.003891, 0.003908, -0.999985, 0.012022, 1e-05, 0.999992, 0.003908, 0.346216, 0.0, 0.0, 0.0, 1.0],
                [0.999998, -0.000213, 0.001768, 0.111688, 0.001769, 0.003896, -0.999991, 0.015226, 0.000206, 0.999992, 0.003896, 0.453648, 0.0, 0.0, 0.0, 1.0],
                [0.999994, -0.000859, 0.003271, 0.082918, 0.003274, 0.003812, -0.999987, 0.053337, 0.000846, 0.999992, 0.003815, 0.512429, 0.0, 0.0, 0.0, 1.0],
                [0.999994, -0.000956, 0.003219, 0.071064, 0.003223, 0.003789, -0.999988, 0.039729, 0.000944, 0.999992, 0.003792, 0.543781, 0.0, 0.0, 0.0, 1.0],
                [0.999994, -0.000993, 0.003201, 0.060619, 0.003204, 0.00378, -0.999988, 0.015879, 0.000981, 0.999992, 0.003783, 0.571407, 0.0, 0.0, 0.0, 1.0],
                [0.999994, -0.00099, 0.003202, 0.050516, 0.003206, 0.00378, -0.999988, -0.009854, 0.000977, 0.999992, 0.003784, 0.599032, 0.0, 0.0, 0.0, 1.0],
                [0.999994, -0.000962, 0.003216, 0.040277, 0.00322, 0.003787, -0.999988, -0.033134, 0.00095, 0.999992, 0.00379, 0.626658, 0.0, 0.0, 0.0, 1.0],
                [0.999994, -0.000923, 0.003237, 0.029056, 0.00324, 0.003797, -0.999988, -0.044943, 0.00091, 0.999992, 0.0038, 0.654283, 0.0, 0.0, 0.0, 1.0],
                [0.999994, -0.000832, 0.003285, 0.014424, 0.003289, 0.003817, -0.999987, -0.03272, 0.00082, 0.999992, 0.00382, 0.687564, 0.0, 0.0, 0.0, 1.0],
                [0.999994, -0.000678, 0.003381, -0.001522, 0.003384, 0.003851, -0.999987, -0.003202, 0.000665, 0.999992, 0.003854, 0.72392, 0.0, 0.0, 0.0, 1.0],
                [0.999993, -0.000339, 0.003618, -0.016, 0.003619, 0.003895, -0.999986, 0.029887, 0.000325, 0.999992, 0.003896, 0.754764, 0.0, 0.0, 0.0, 1.0],
                [0.999993, -0.000159, 0.003764, -0.01445, 0.003765, 0.003904, -0.999985, 0.033496, 0.000145, 0.999992, 0.003905, 0.750073, 0.0, 0.0, 0.0, 1.0],
                [0.999997, 7e-06, 0.002563, -0.012113, 0.002563, 0.003909, -0.999989, 0.037769, -1.7e-05, 0.999992, 0.003909, 0.744986, 0.0, 0.0, 0.0, 1.0],
                [1.0, 0.00017, 0.0, -0.009734, -0.0, 0.003904, -0.999992, 0.043366, -0.00017, 0.999992, 0.003904, 0.741052, 0.0, 0.0, 0.0, 1.0],
                [1.0, 0.000235, 0.0, -0.007466, -1e-06, 0.0039, -0.999992, 0.048417, -0.000235, 0.999992, 0.0039, 0.736339, 0.0, 0.0, 0.0, 1.0],
                [1.0, 0.000155, 0.0, -0.005331, -0.0, 0.003905, -0.999992, 0.052927, -0.000155, 0.999992, 0.003905, 0.730848, 0.0, 0.0, 0.0, 1.0],
                [0.999997, 9e-06, 0.002569, -0.003227, 0.002569, 0.003909, -0.999989, 0.057436, -1.9e-05, 0.999992, 0.003909, 0.725356, 0.0, 0.0, 0.0, 1.0],
                [0.999993, -0.000124, 0.003796, -0.001403, 0.003796, 0.003906, -0.999985, 0.061237, 0.000109, 0.999992, 0.003906, 0.719584, 0.0, 0.0, 0.0, 1.0],
                [0.999993, -0.000192, 0.003735, -0.000323, 0.003735, 0.003903, -0.999985, 0.063244, 0.000177, 0.999992, 0.003903, 0.713359, 0.0, 0.0, 0.0, 1.0],
                [0.999993, -0.000187, 0.00374, 0.000304, 0.00374, 0.003903, -0.999985, 0.064161, 0.000172, 0.999992, 0.003904, 0.706964, 0.0, 0.0, 0.0, 1.0],
                [0.999993, -0.000142, 0.003779, 0.00095, 0.00378, 0.003905, -0.999985, 0.06508, 0.000128, 0.999992, 0.003905, 0.700569, 0.0, 0.0, 0.0, 1.0]
            ]
        },
        {
            "name": "Thigh_R",
            "time": [0.0, 0.0333, 0.0667, 0.1, 0.1333, 0.1667, 0.2, 0.2333, 0.2667, 0.3, 0.3333, 0.3667, 0.4, 0.4333, 0.4667, 0.5, 0.5333, 0.5667, 0.6, 0.6667, 0.7, 0.7333, 0.7667, 0.8, 0.8333, 0.8667, 0.9, 0.9333, 0.9667, 1.0],
            "transform": [
                [0.590321, 0.500872, 0.632968, 0.015158, 0.645148, -0.764052, 0.002919, 0.065517, 0.485082, 0.406636, -0.774173, 0.133069, 0.0, 0.0, 0.0, 1.0],
                [0.620682, 0.376635, 0.687678, 0.125807, 0.644006, -0.74517, -0.173143, 0.049396, 0.447225, 0.550336, -0.705069, -0.045739, 0.0, 0.0, 0.0, 1.0],
                [0.611482, 0.49518, 0.617161, 0.125807, 0.645692, -0.763105, -0.027474, 0.049396, 0.457353, 0.415296, -0.786358, -0.045739, 0.0, 0.0, 0.0, 1.0],
                [0.523199, 0.531945, 0.665807, 0.125807, 0.639438, -0.761511, 0.105929, 0.049396, 0.563368, 0.37032, -0.738567, -0.045739, 0.0, 0.0, 0.0, 1.0],
                [0.387076, 0.578482, 0.718006, 0.125807, 0.566126, -0.763751, 0.310139, 0.049396, 0.727788, 0.286434, -0.623123, -0.045739, 0.0, 0.0, 0.0, 1.0],
                [0.611328, 0.665049, 0.428941, 0.125807, 0.382087, -0.722698, 0.57595, 0.049396, 0.693029, -0.188202, -0.695911, -0.045739, 0.0, 0.0, 0.0, 1.0],
                [0.782674, 0.571634, 0.246288, 0.125807, 0.25359, -0.654207, 0.712535, 0.049396, 0.568432, -0.495227, -0.656991, -0.045739, 0.0, 0.0, 0.0, 1.0],
                [0.728125, 0.64674, 0.227074, 0.125807, 0.263709, -0.570093, 0.778109, 0.049396, 0.632686, -0.50668, -0.585649, -0.045739, 0.0, 0.0, 0.0, 1.0],
                [0.748607, 0.625011, 0.221248, 0.125807, 0.381306, -0.678846, 0.627515, 0.049396, 0.542396, -0.3854, -0.746508, -0.045739, 0.0, 0.0, 0.0, 1.0],
                [0.916372, 0.354231, 0.186503, 0.125807, 0.336974, -0.934046, 0.118356, 0.049396, 0.216127, -0.045612, -0.9753, -0.045739, 0.0, 0.0, 0.0, 1.0],
                [0.942452, 0.185937, 0.277872, 0.125807, 0.190049, -0.981699, 0.012314, 0.049396, 0.275076, 0.041204, -0.96054, -0.045739, 0.0, 0.0, 0.0, 1.0],
                [0.999687, 0.015636, -0.019555, 0.125807, 0.017973, -0.991903, 0.12573, 0.049396, -0.01743, -0.126043, -0.991872, -0.045739, 0.0, 0.0, 0.0, 1.0],
                [0.994907, -0.001693, -0.100792, 0.125807, 0.028232, -0.955169, 0.294717, 0.049396, -0.096772, -0.296061, -0.950255, -0.045739, 0.0, 0.0, 0.0, 1.0],
                [0.988117, 0.005022, -0.153623, 0.125807, 0.076274, -0.883745, 0.461714, 0.049396, -0.133445, -0.467945, -0.873625, -0.045739, 0.0, 0.0, 0.0, 1.0],
                [0.984093, 0.023874, -0.176045, 0.125807, 0.129427, -0.775153, 0.618376, 0.049396, -0.121699, -0.631324, -0.765912, -0.045739, 0.0, 0.0, 0.0, 1.0],
                [0.984378, 0.044527, -0.17035, 0.125807, 0.159794, -0.632229, 0.758125, 0.049396, -0.073943, -0.773502, -0.629467, -0.045739, 0.0, 0.0, 0.0, 1.0],
                [0.98927, 0.058502, -0.133876, 0.125807, 0.145694, -0.46329, 0.874149, 0.049396, -0.010884, -0.884275, -0.466842, -0.045739, 0.0, 0.0, 0.0, 1.0],
                [0.999324, 0.036553, 0.004052, 0.125807, 0.003676, -0.208909, 0.977929, 0.049396, 0.036593, -0.977253, -0.208902, -0.045739, 0.0, 0.0, 0.0, 1.0],
                [0.979033, 0.03505, 0.200667, 0.125807, -0.203191, 0.098048, 0.974218, 0.049396, 0.014472, -0.994565, 0.103114, -0.045739, 0.0, 0.0, 0.0, 1.0],
                [0.966435, 0.038426, 0.254021, 0.125807, -0.254142, 0.287768, 0.923365, 0.049395, -0.037618, -0.956931, 0.287875, -0.045739, 0.0, 0.0, 0.0, 1.0],
                [0.985631, 0.014249, 0.168314, 0.125807, -0.16728, 0.220662, 0.960899, 0.049395, -0.023448, -0.975247, 0.219875, -0.045739, 0.0, 0.0, 0.0, 1.0],
                [0.996995, 0.011667, 0.076584, 0.125807, -0.077371, 0.100527, 0.991922, 0.049396, 0.003874, -0.994868, 0.101127, -0.045739, 0.0, 0.0, 0.0, 1.0],
                [0.99891, 0.046687, 0.000247, 0.125807, 0.001531, -0.038025, 0.999276, 0.049396, 0.046662, -0.998187, -0.038055, -0.045739, 0.0, 0.0, 0.0, 1.0],
                [0.996968, 0.074548, -0.022331, 0.125807, 0.035039, -0.173793, 0.984159, 0.049396, 0.069486, -0.981957, -0.175878, -0.045739, 0.0, 0.0, 0.0, 1.0],
                [0.99731, 0.071702, 0.015259, 0.125807, 0.00957, -0.333721, 0.942624, 0.049396, 0.07268, -0.939942, -0.333509, -0.045739, 0.0, 0.0, 0.0, 1.0],
                [0.99494, 0.075433, 0.066366, 0.125807, -0.018834, -0.508814, 0.860671, 0.049396, 0.09869, -0.857568, -0.504818, -0.045739, 0.0, 0.0, 0.0, 1.0],
                [0.99066, 0.07979, 0.110576, 0.125807, -0.032766, -0.647869, 0.761048, 0.049396, 0.132362, -0.757564, -0.639203, -0.045739, 0.0, 0.0, 0.0, 1.0],
                [0.985748, 0.082926, 0.146377, 0.125807, -0.044647, -0.709928, 0.702858, 0.049396, 0.162202, -0.699376, -0.696107, -0.045739, 0.0, 0.0, 0.0, 1.0],
                [0.979849, 0.082097, 0.182089, 0.125807, -0.074547, -0.695448, 0.7147, 0.049396, 0.185308, -0.713873, -0.675314, -0.045739, 0.0, 0.0, 0.0, 1.0],
                [0.971537, 0.079862, 0.223026, 0.125807, -0.123554, -0.632444, 0.76469, 0.049396, 0.202121, -0.770479, -0.604575, -0.045739, 0.0, 0.0, 0.0, 1.0]
            ]
        },
        {
            "name": "Leg_R",
            "time": [0.0, 0.0333, 0.0667, 0.1, 0.1333, 0.1667, 0.2, 0.2333, 0.2667, 0.3, 0.3333, 0.3667, 0.4, 0.4333, 0.4667, 0.5, 0.5333, 0.5667, 0.6, 0.6667, 0.7, 0.7333, 0.7667, 0.8, 0.8333, 0.8667, 0.9, 0.9333, 0.9667, 1.0],
            "transform": [
                [0.999997, -0.001676, 0.001007, -0.0, 0.001004, 0.882079, 0.471135, 0.37472, -0.001678, -0.47116, 0.882029, 0.0, 0.0, 0.0, 0.0, 1.0],
                [0.999996, 0.001423, -0.001339, 0.0, -0.001342, 0.998254, 0.059061, 0.37472, 0.001421, -0.059059, 0.998254, -0.0, 0.0, 0.0, 0.0, 1.0],
                [0.999996, 0.00156, -0.001177, 0.0, -0.00118, 0.962093, 0.27272, 0.37472, 0.001557, -0.272718, 0.962093, 0.0, 0.0, 0.0, 0.0, 1.0],
                [0.999997, 0.001646, -0.001052, -0.0, -0.001056, 0.908556, 0.41776, 0.37472, 0.001643, -0.417758, 0.908557, 0.0, 0.0, 0.0, 0.0, 1.0],
                [0.999996, 0.001819, -0.000725, 0.0, -0.000728, 0.689052, 0.724712, 0.37472, 0.001818, -0.724711, 0.689051, 0.0, 0.0, 0.0, 0.0, 1.0],
                [0.999995, 0.001957, 0.000131, -0.0, 0.000129, -0.131929, 0.991259, 0.37472, 0.001957, -0.991259, -0.131929, 0.0, 0.0, 0.0, 0.0, 1.0],
                [0.999995, 0.001905, 0.00043, 0.0, 0.000428, -0.428856, 0.903373, 0.37472, 0.001905, -0.903373, -0.428855, -0.0, 0.0, 0.0, 0.0, 1.0],
                [0.999995, 0.001896, 0.000466, -0.0, 0.000463, -0.462122, 0.886816, 0.37472, 0.001896, -0.886817, -0.462121, 0.0, 0.0, 0.0, 0.0, 1.0],
                [0.999995, 0.001906, 0.000427, 0.0, 0.000426, -0.426519, 0.904479, 0.37472, 0.001906, -0.90448, -0.426517, -0.0, 0.0, 0.0, 0.0, 1.0],
                [0.999995, 0.001939, 0.000232, -0.0, 0.000229, -0.234481, 0.97212, 0.37472, 0.001939, -0.972121, -0.23448, 0.0, 0.0, 0.0, 0.0, 1.0],
                [0.999995, 0.001896, 0.000467, 0.0, 0.000466, -0.464233, 0.885713, 0.37472, 0.001896, -0.885713, -0.464232, 0.0, 0.0, 0.0, 0.0, 1.0],
                [0.999995, 0.001902, 0.000442, -0.0, 0.000441, -0.440609, 0.897699, 0.37472, 0.001902, -0.897699, -0.440609, 0.0, 0.0, 0.0, 0.0, 1.0],
                [0.999995, 0.001879, 0.000531, 0.0, 0.000528, -0.522165, 0.852845, 0.37472, 0.001879, -0.852845, -0.522164, -0.0, 0.0, 0.0, 0.0, 1.0],
                [0.999994, 0.001843, 0.000643, -0.0, 0.000641, -0.621117, 0.783719, 0.37472, 0.001844, -0.78372, -0.621115, 0.0, 0.0, 0.0, 0.0, 1.0],
                [0.999995, 0.001798, 0.000759, 0.0, 0.000758, -0.716457, 0.697631, 0.37472, 0.001798, -0.69763, -0.716457, 0.0, 0.0, 0.0, 0.0, 1.0],
                [0.999995, 0.001752, 0.000861, 0.0, 0.00086, -0.791365, 0.611345, 0.37472, 0.001752, -0.611344, -0.791364, 0.0, 0.0, 0.0, 0.0, 1.0],
                [0.999995, 0.001717, 0.00093, -0.0, 0.000929, -0.837568, 0.546335, 0.37472, 0.001717, -0.546334, -0.837567, 0.0, 0.0, 0.0, 0.0, 1.0],
                [0.999995, 0.001708, 0.000945, -0.0, 0.000943, -0.846499, 0.532393, 0.37472, 0.001709, -0.532391, -0.846498, -0.0, 0.0, 0.0, 0.0, 1.0],
                [0.999996, 0.001728, 0.000908, -0.0, 0.000908, -0.823493, 0.567328, 0.37472, 0.001728, -0.567326, -0.823493, 0.0, 0.0, 0.0, 0.0, 1.0],
                [0.999995, 0.001784, 0.000793, -0.0, 0.000792, -0.742107, 0.670283, 0.37472, 0.001785, -0.670283, -0.742105, 0.0, 0.0, 0.0, 0.0, 1.0],
                [0.999995, 0.001805, 0.000743, 0.0, 0.000743, -0.703834, 0.710365, 0.37472, 0.001805, -0.710364, -0.703833, 0.0, 0.0, 0.0, 0.0, 1.0],
                [0.999995, 0.001831, 0.000677, -0.0, 0.000676, -0.650012, 0.759925, 0.37472, 0.001831, -0.759924, -0.650011, -0.0, 0.0, 0.0, 0.0, 1.0],
                [0.999995, 0.001868, 0.000569, -0.0, 0.000567, -0.55664, 0.830754, 0.37472, 0.001868, -0.830755, -0.556638, -0.0, 0.0, 0.0, 0.0, 1.0],
                [0.999996, 0.001912, 0.000395, -0.0, 0.000393, -0.395145, 0.918619, 0.37472, 0.001913, -0.918618, -0.395145, 0.0, 0.0, 0.0, 0.0, 1.0],
                [0.999996, 0.001951, 5.9e-05, -0.0, 5.6e-05, -0.058708, 0.998275, 0.37472, 0.001952, -0.998274, -0.058708, -0.0, 0.0, 0.0, 0.0, 1.0],
                [0.999995, 0.00191, -0.000406, 0.0, -0.000409, 0.407994, 0.912984, 0.37472, 0.001909, -0.912986, 0.407992, 0.0, 0.0, 0.0, 0.0, 1.0],
                [0.999996, 0.00177, -0.000827, 0.0, -0.000829, 0.767983, 0.64047, 0.37472, 0.001768, -0.640469, 0.767982, -0.0, 0.0, 0.0, 0.0, 1.0],
                [0.999997, 0.001642, -0.001059, 0.0, -0.001062, 0.911777, 0.410682, 0.37472, 0.00164, -0.41068, 0.911778, 0.0, 0.0, 0.0, 0.0, 1.0],
                [0.999996, 0.001613, -0.001102, -0.0, -0.001105, 0.932202, 0.36194, 0.37472, 0.001611, -0.361939, 0.932201, -0.0, 0.0, 0.0, 0.0, 1.0],
                [0.999997, 0.001647, -0.00105, -0.0, -0.001054, 0.907668, 0.419686, 0.37472, 0.001644, -0.419685, 0.907669, 0.0, 0.0, 0.0, 0.0, 1.0]
            ]
        },
        {
            "name": "Knee_R",
            "time": [0.0, 0.6, 1.0],
            "transform": [
                [1.0, 0.0, -0.0, -0.0, -1e-06, 0.0, -1.0, 0.37472, -0.0, 1.0, 0.0, 0.0, 0.0, 0.0, 0.0, 1.0],
                [1.0, 0.0, -0.0, -0.0, -0.0, 0.0, -1.0, 0.37472, -0.0, 1.0, 0.0, 0.0, 0.0, 0.0, 0.0, 1.0],
                [1.0, 0.0, -0.0, -0.0, -0.0, 0.0, -1.0, 0.37472, -0.0, 1.0, 0.0, 0.0, 0.0, 0.0, 0.0, 1.0]
            ]
        },
        {
            "name": "Thigh_L",
            "time": [0.0, 0.0333, 0.0667, 0.1, 0.1333, 0.1667, 0.2, 0.2333, 0.2667, 0.3, 0.3333, 0.3667, 0.4, 0.4333, 0.4667, 0.5, 0.5333, 0.5667, 0.6, 0.6667, 0.7, 0.7333, 0.7667, 0.8, 0.8333, 0.8667, 0.9, 0.9333, 0.9667, 1.0],
            "transform": [
                [0.943201, -0.313501, 0.109944, -0.045577, -0.309833, -0.710645, 0.631655, 0.019086, -0.119893, -0.629843, -0.767414, -0.090778, 0.0, 0.0, 0.0, 1.0],
                [0.962559, -0.234593, 0.135794, -0.049386, -0.268218, -0.751987, 0.602145, 0.017326, -0.039143, -0.616028, -0.786753, -0.088935, 0.0, 0.0, 0.0, 1.0],
                [0.977498, -0.135012, 0.162055, -0.052185, -0.202845, -0.81234, 0.546774, -0.010169, 0.057822, -0.567348, -0.821447, -0.088324, 0.0, 0.0, 0.0, 1.0],
                [0.981334, -0.074827, 0.177141, -0.054892, -0.161105, -0.822872, 0.544915, -0.029856, 0.10499, -0.563286, -0.819566, -0.082328, 0.0, 0.0, 0.0, 1.0],
                [0.975725, -0.041435, 0.21503, -0.063214, -0.176032, -0.732491, 0.657627, -0.038431, 0.130258, -0.679521, -0.722003, -0.071901, 0.0, 0.0, 0.0, 1.0],
                [0.948111, -0.081503, 0.307305, -0.086429, -0.317887, -0.258667, 0.912162, -0.032373, 0.005146, -0.962526, -0.271154, -0.04536, 0.0, 0.0, 0.0, 1.0],
                [0.93866, 0.004699, 0.344805, -0.100647, -0.341335, -0.129455, 0.930984, -0.010358, 0.049011, -0.991578, -0.11991, -0.021127, 0.0, 0.0, 0.0, 1.0],
                [0.972867, -0.016635, 0.230752, -0.09857, -0.230231, -0.167589, 0.958596, 0.009499, 0.022725, -0.98572, -0.166872, -0.028823, 0.0, 0.0, 0.0, 1.0],
                [0.979124, -0.032528, 0.200627, -0.09698, -0.20149, -0.284817, 0.937166, 0.021116, 0.026657, -0.958034, -0.285425, -0.027678, 0.0, 0.0, 0.0, 1.0],
                [0.91456, 0.012529, 0.404248, -0.100012, -0.342708, -0.506753, 0.791045, 0.026094, 0.214763, -0.862005, -0.459163, 0.000434, 0.0, 0.0, 0.0, 1.0],
                [0.933248, -0.232667, -0.273695, -0.099542, -0.35912, -0.62259, -0.695281, 0.02262, -0.00863, 0.747165, -0.664586, 0.010407, 0.0, 0.0, 0.0, 1.0],
                [0.657462, -0.374202, -0.653999, -0.089734, -0.692101, -0.643056, -0.327832, 0.029758, -0.297881, 0.668175, -0.681771, 0.041779, 0.0, 0.0, 0.0, 1.0],
                [0.523062, -0.426158, -0.738102, -0.087545, -0.721721, -0.682116, -0.117627, 0.02932, -0.453341, 0.594235, -0.664356, 0.046468, 0.0, 0.0, 0.0, 1.0],
                [0.401828, -0.483018, -0.777964, -0.086585, -0.697587, -0.711834, 0.081641, 0.029489, -0.593211, 0.509896, -0.622981, 0.048131, 0.0, 0.0, 0.0, 1.0],
                [0.309393, -0.555427, -0.771867, -0.086438, -0.625002, -0.730526, 0.275147, 0.030273, -0.716687, 0.397293, -0.573162, 0.047907, 0.0, 0.0, 0.0, 1.0],
                [0.26023, -0.643872, -0.719522, -0.086898, -0.504217, -0.72614, 0.467427, 0.031067, -0.823431, 0.241158, -0.513614, 0.046547, 0.0, 0.0, 0.0, 1.0],
                [0.268306, -0.740067, -0.616698, -0.087928, -0.337482, -0.671815, 0.659374, 0.031027, -0.902281, 0.03121, -0.430011, 0.044599, 0.0, 0.0, 0.0, 1.0],
                [0.422519, -0.820576, -0.384884, -0.090058, -0.079375, -0.456522, 0.886165, 0.030364, -0.902869, -0.343873, -0.258022, 0.04063, 0.0, 0.0, 0.0, 1.0],
                [0.697274, -0.706847, -0.119068, -0.093395, 0.127677, -0.040979, 0.990968, 0.029044, -0.705337, -0.706185, 0.061675, 0.033424, 0.0, 0.0, 0.0, 1.0],
                [0.894715, -0.446549, -0.008676, -0.100483, 0.159367, 0.301047, 0.940198, 0.017154, -0.417229, -0.842598, 0.340517, 0.017096, 0.0, 0.0, 0.0, 1.0],
                [0.903128, -0.429343, -0.004446, -0.102859, 0.127814, 0.258948, 0.957397, 0.00636, -0.409898, -0.865227, 0.288739, 0.007942, 0.0, 0.0, 0.0, 1.0],
                [0.905098, -0.425181, 0.003844, -0.103262, 0.075056, 0.168662, 0.982812, -0.004453, -0.418518, -0.88926, 0.184568, -0.000825, 0.0, 0.0, 0.0, 1.0],
                [0.912956, -0.408036, 0.003686, -0.101929, 0.026602, 0.06853, 0.997294, -0.014647, -0.407182, -0.910394, 0.073419, -0.008908, 0.0, 0.0, 0.0, 1.0],
                [0.921309, -0.388735, 0.00836, -0.10046, -0.011831, -0.006536, 0.999908, -0.021029, -0.388642, -0.921331, -0.010621, -0.012209, 0.0, 0.0, 0.0, 1.0],
                [0.927832, -0.372993, 0.00025, -0.100679, -0.02222, -0.054604, 0.99826, -0.021952, -0.372328, -0.926229, -0.058951, -0.008086, 0.0, 0.0, 0.0, 1.0],
                [0.938149, -0.343096, -0.046424, -0.101277, 0.012003, -0.101776, 0.994735, -0.020627, -0.346012, -0.933775, -0.091362, -0.00102, 0.0, 0.0, 0.0, 1.0],
                [0.945427, -0.306614, -0.110222, -0.101524, 0.063757, -0.157652, 0.985434, -0.018485, -0.319522, -0.938692, -0.129499, 0.005885, 0.0, 0.0, 0.0, 1.0],
                [0.949757, -0.269005, -0.159978, -0.101548, 0.100643, -0.221499, 0.969953, -0.016882, -0.296355, -0.937327, -0.183297, 0.009302, 0.0, 0.0, 0.0, 1.0],
                [0.954331, -0.2304, -0.190161, -0.101635, 0.114409, -0.306138, 0.945088, -0.016515, -0.275961, -0.923691, -0.265797, 0.009007, 0.0, 0.0, 0.0, 1.0],
                [0.960458, -0.185102, -0.207969, -0.101873, 0.118631, -0.403689, 0.907173, -0.016139, -0.251873, -0.89598, -0.365767, 0.006702, 0.0, 0.0, 0.0, 1.0]
            ]
        },
        {
            "name": "Leg_L",
            "time": [0.0, 0.0333, 0.0667, 0.1, 0.1333, 0.1667, 0.2, 0.2333, 0.2667, 0.3, 0.3333, 0.3667, 0.4, 0.4333, 0.4667, 0.5, 0.5333, 0.5667, 0.6, 0.6667, 0.7, 0.7333, 0.7667, 0.8, 0.8333, 0.8667, 0.9, 0.9333, 0.9667, 1.0],
            "transform": [
                [1.0, -0.001923, 0.000365, 0.0, 0.00036, 0.363963, 0.931414, 0.37472, -0.001924, -0.931408, 0.363964, -0.0, 0.0, 0.0, 0.0, 1.0],
                [0.999994, -0.001929, 0.000326, 0.0, 0.000325, 0.328161, 0.944622, 0.37472, -0.001929, -0.944624, 0.328159, -0.0, 0.0, 0.0, 0.0, 1.0],
                [0.999995, -0.001938, 0.000261, 0.0, 0.000258, 0.262939, 0.964812, 0.37472, -0.001939, -0.964815, 0.262938, -0.0, 0.0, 0.0, 0.0, 1.0],
                [0.999995, -0.001946, 0.000191, -0.0, 0.00019, 0.193775, 0.981045, 0.37472, -0.001946, -0.981049, 0.193774, -0.0, 0.0, 0.0, 0.0, 1.0],
                [0.999994, -0.001957, 3.2e-05, -0.0, 3e-05, 0.031468, 0.999504, 0.37472, -0.001957, -0.999508, 0.031468, 0.0, 0.0, 0.0, 0.0, 1.0],
                [0.999995, -0.001948, -0.000174, 0.0, -0.000175, -0.177893, 0.984049, 0.37472, -0.001948, -0.984052, -0.177892, -0.0, 0.0, 0.0, 0.0, 1.0],
                [0.999994, -0.001956, 1.4e-05, 0.0, 1.2e-05, 0.013627, 0.999907, 0.37472, -0.001956, -0.999909, 0.013627, -0.0, 0.0, 0.0, 0.0, 1.0],
                [0.999994, -0.001953, 9.7e-05, 0.0, 9.5e-05, 0.098481, 0.995139, 0.37472, -0.001953, -0.995141, 0.09848, -0.0, 0.0, 0.0, 0.0, 1.0],
                [0.999994, -0.001957, 7e-06, 0.0, 4e-06, 0.005179, 0.999986, 0.37472, -0.001957, -0.999989, 0.005179, -0.0, 0.0, 0.0, 0.0, 1.0],
                [0.999994, -0.001948, -0.000176, 0.0, -0.000178, -0.180563, 0.983563, 0.37472, -0.001947, -0.983566, -0.180562, 0.0, 0.0, 0.0, 0.0, 1.0],
                [0.999994, -0.001785, 0.000797, -0.0, 0.000793, 0.743113, 0.669168, 0.37472, -0.001787, -0.669167, 0.743113, -0.0, 0.0, 0.0, 0.0, 1.0],
                [0.999995, -0.00187, 0.000573, 0.0, 0.000571, 0.559238, 0.829008, 0.37472, -0.00187, -0.829008, 0.559237, -0.0, 0.0, 0.0, 0.0, 1.0],
                [0.999994, -0.001933, 0.000297, -0.0, 0.000296, 0.299706, 0.954032, 0.37472, -0.001933, -0.954034, 0.299705, 0.0, 0.0, 0.0, 0.0, 1.0],
                [0.999995, -0.001956, -3.7e-05, 0.0, -4.1e-05, -0.039656, 0.999213, 0.37472, -0.001956, -0.999216, -0.039656, 0.0, 0.0, 0.0, 0.0, 1.0],
                [0.999994, -0.00192, -0.000373, -0.0, -0.000375, -0.375229, 0.926932, 0.37472, -0.00192, -0.926935, -0.375227, 0.0, 0.0, 0.0, 0.0, 1.0],
                [0.999994, -0.001841, -0.00066, 0.0, -0.000661, -0.635413, 0.772174, 0.37472, -0.001841, -0.772173, -0.635413, 0.0, 0.0, 0.0, 0.0, 1.0],
                [0.999994, -0.001759, -0.000857, 0.0, -0.000857, -0.78778, 0.61596, 0.37472, -0.001758, -0.615958, -0.78778, -0.0, 0.0, 0.0, 0.0, 1.0],
                [0.999995, -0.001749, -0.000876, 0.0, -0.000877, -0.801067, 0.598577, 0.37472, -0.001749, -0.598574, -0.801068, -0.0, 0.0, 0.0, 0.0, 1.0],
                [0.999995, -0.001803, -0.000759, 0.0, -0.000759, -0.715417, 0.6987, 0.37472, -0.001803, -0.698698, -0.715417, -0.0, 0.0, 0.0, 0.0, 1.0],
                [0.999994, -0.001845, -0.00065, -0.0, -0.000652, -0.627703, 0.778454, 0.37472, -0.001844, -0.778453, -0.627702, 0.0, 0.0, 0.0, 0.0, 1.0],
                [0.999994, -0.00184, -0.000663, 0.0, -0.000664, -0.638149, 0.769915, 0.37472, -0.00184, -0.769914, -0.638148, -0.0, 0.0, 0.0, 0.0, 1.0],
                [0.999994, -0.001835, -0.000678, -0.0, -0.000679, -0.650591, 0.75943, 0.37472, -0.001834, -0.75943, -0.65059, 0.0, 0.0, 0.0, 0.0, 1.0],
                [0.999994, -0.001837, -0.000672, 0.0, -0.000673, -0.645955, 0.763377, 0.37472, -0.001836, -0.763377, -0.645954, 0.0, 0.0, 0.0, 0.0, 1.0],
                [0.999994, -0.001855, -0.000622, -0.0, -0.000622, -0.60286, 0.797849, 0.37472, -0.001855, -0.797848, -0.602859, -0.0, 0.0, 0.0, 0.0, 1.0],
                [0.999995, -0.001893, -0.000495, 0.0, -0.000495, -0.489197, 0.872175, 0.37472, -0.001893, -0.872174, -0.489196, -0.0, 0.0, 0.0, 0.0, 1.0],
                [0.999994, -0.001933, -0.0003, 0.0, -0.000302, -0.303789, 0.952739, 0.37472, -0.001933, -0.952742, -0.303788, 0.0, 0.0, 0.0, 0.0, 1.0],
                [0.999994, -0.001954, -9e-05, 0.0, -9.3e-05, -0.093456, 0.995622, 0.37472, -0.001954, -0.995627, -0.093456, 0.0, 0.0, 0.0, 0.0, 1.0],
                [0.999995, -0.001954, 8.5e-05, -0.0, 8.3e-05, 0.085996, 0.996295, 0.37472, -0.001954, -0.996297, 0.085995, -0.0, 0.0, 0.0, 0.0, 1.0],
                [0.999994, -0.001943, 0.000218, 0.0, 0.000215, 0.219877, 0.975527, 0.37472, -0.001944, -0.975531, 0.219876, -0.0, 0.0, 0.0, 0.0, 1.0],
                [0.999995, -0.001925, 0.000343, 0.0, 0.00034, 0.343953, 0.938987, 0.37472, -0.001926, -0.938989, 0.343951, 0.0, 0.0, 0.0, 0.0, 1.0]
            ]
        },
        {
            "name": "Knee_L",
            "time": [0.0, 0.6, 1.0],
            "transform": [
                [1.0, 0.0, -1e-06, 0.0, -0.0, 0.0, -1.0, 0.37472, -0.0, 1.0, 0.0, -0.0, 0.0, 0.0, 0.0, 1.0],
                [1.0, 0.0, -0.0, 0.0, -0.0, 0.0, -1.0, 0.37472, -0.0, 1.0, 0.0, -0.0, 0.0, 0.0, 0.0, 1.0],
                [1.0, 0.0, -0.0, 0.0, -0.0, 0.0, -1.0, 0.37472, -0.0, 1.0, 0.0, 0.0, 0.0, 0.0, 0.0, 1.0]
            ]
        },
        {
            "name": "Torso",
            "time": [0.0, 0.0333, 0.0667, 0.1, 0.1333, 0.1667, 0.2, 0.2333, 0.2667, 0.3, 0.3333, 0.3667, 0.4, 0.4333, 0.4667, 0.5, 0.5333, 0.5667, 0.6, 0.6667, 0.7, 0.7333, 0.7667, 0.8, 0.8333, 0.8667, 0.9, 0.9333, 0.9667, 1.0],
            "transform": [
                [0.086789, -0.130978, -0.987578, 0.0, 0.218719, 0.969637, -0.109377, 0.05, 0.971921, -0.206509, 0.112801, -0.0, 0.0, 0.0, 0.0, 1.0],
                [0.283505, -0.142884, -0.948266, 0.0, 0.20835, 0.974393, -0.08453, 0.05, 0.936065, -0.173606, 0.306015, 0.0, 0.0, 0.0, 0.0, 1.0],
                [0.390166, -0.200656, -0.898614, -0.0, 0.326001, 0.942848, -0.068988, 0.05, 0.861101, -0.266032, 0.433282, -0.0, 0.0, 0.0, 0.0, 1.0],
                [0.475165, -0.251034, -0.843327, 0.0, 0.405396, 0.91311, -0.04339, 0.05, 0.780944, -0.321263, 0.535646, 0.0, 0.0, 0.0, 0.0, 1.0],
                [0.574328, -0.307142, -0.758822, -0.0, 0.415461, 0.908059, -0.053099, 0.05, 0.705365, -0.284764, 0.64913, 0.0, 0.0, 0.0, 0.0, 1.0],
                [0.767793, -0.353422, -0.534405, -0.0, 0.316753, 0.934418, -0.16288, 0.05, 0.556923, -0.044216, 0.829386, 0.0, 0.0, 0.0, 0.0, 1.0],
                [0.939719, -0.069505, -0.334809, -0.0, 0.135528, 0.974641, 0.17806, 0.05, 0.313943, -0.212703, 0.925309, -0.0, 0.0, 0.0, 0.0, 1.0],
                [0.950861, 0.188927, -0.245296, -0.0, -0.087578, 0.924014, 0.372191, 0.05, 0.296975, -0.332419, 0.895155, -0.0, 0.0, 0.0, 0.0, 1.0],
                [0.930127, 0.365619, 0.034447, 0.0, -0.293078, 0.682502, 0.669549, 0.05, 0.22129, -0.632861, 0.741968, -0.0, 0.0, 0.0, 0.0, 1.0],
                [0.921788, 0.116801, 0.369684, -0.0, -0.387348, 0.237041, 0.890939, 0.05, 0.016433, -0.964452, 0.263744, 0.0, 0.0, 0.0, 0.0, 1.0],
                [0.916523, -0.038822, 0.398094, -0.0, -0.334186, 0.47257, 0.815473, 0.05, -0.219786, -0.880437, 0.420148, -0.0, 0.0, 0.0, 0.0, 1.0],
                [0.746474, -0.029489, 0.664761, -0.0, -0.416824, 0.758004, 0.501685, 0.05, -0.518687, -0.651582, 0.553538, -0.0, 0.0, 0.0, 0.0, 1.0],
                [0.715567, 0.021869, 0.698202, -0.0, -0.410628, 0.821753, 0.395101, 0.05, -0.56511, -0.569422, 0.597, -0.0, 0.0, 0.0, 0.0, 1.0],
                [0.698404, 0.088756, 0.710179, -0.0, -0.417297, 0.856657, 0.303316, 0.05, -0.58146, -0.508192, 0.63533, -0.0, 0.0, 0.0, 0.0, 1.0],
                [0.693157, 0.161909, 0.702367, -0.0, -0.431547, 0.873713, 0.22448, 0.05, -0.577323, -0.458704, 0.675492, -0.0, 0.0, 0.0, 0.0, 1.0],
                [0.703809, 0.232178, 0.671376, -0.0, -0.437687, 0.886119, 0.152387, 0.05, -0.559539, -0.401103, 0.725281, -0.0, 0.0, 0.0, 0.0, 1.0],
                [0.735143, 0.281043, 0.616912, -0.0, -0.418634, 0.903974, 0.087045, 0.05, -0.533209, -0.32225, 0.782204, -0.0, 0.0, 0.0, 0.0, 1.0],
                [0.826061, 0.2968, 0.479096, 0.0, -0.349284, 0.93676, 0.021915, 0.05, -0.442294, -0.185444, 0.877489, -0.0, 0.0, 0.0, 0.0, 1.0],
                [0.929845, 0.276863, 0.242357, 0.0, -0.271447, 0.960813, -0.056163, 0.05, -0.248409, -0.013564, 0.96856, -0.0, 0.0, 0.0, 0.0, 1.0],
                [0.995885, 0.084015, 0.033988, 0.0, -0.079699, 0.990403, -0.112908, 0.05, -0.043148, 0.109734, 0.993024, 0.0, 0.0, 0.0, 0.0, 1.0],
                [0.995242, -0.071475, 0.066227, 0.0, 0.073703, 0.996771, -0.031833, 0.05, -0.063738, 0.036563, 0.997296, -0.0, 0.0, 0.0, 0.0, 1.0],
                [0.987629, -0.134229, 0.081067, 0.0, 0.127522, 0.988363, 0.082923, 0.05, -0.091255, -0.071559, 0.993253, -0.0, 0.0, 0.0, 0.0, 1.0],
                [0.998724, 0.017707, 0.047294, 0.0, -0.025747, 0.984191, 0.17523, 0.05, -0.043443, -0.176224, 0.983391, -0.0, 0.0, 0.0, 0.0, 1.0],
                [0.983198, 0.17985, 0.031247, 0.0, -0.182517, 0.96558, 0.185315, 0.05, 0.003158, -0.187905, 0.982182, -0.0, 0.0, 0.0, 0.0, 1.0],
                [0.985895, 0.148907, 0.076403, 0.0, -0.159613, 0.973862, 0.161601, 0.05, -0.050342, -0.171516, 0.983894, 0.0, 0.0, 0.0, 0.0, 1.0],
                [0.986882, 0.064586, 0.147965, -0.0, -0.085402, 0.986609, 0.138951, 0.05, -0.13701, -0.149765, 0.979183, 0.0, 0.0, 0.0, 0.0, 1.0],
                [0.976906, -0.027682, 0.211869, 0.0, 0.001792, 0.992599, 0.121425, 0.05, -0.213662, -0.118241, 0.969725, 0.0, 0.0, 0.0, 0.0, 1.0],
                [0.966467, -0.085001, 0.242319, -0.0, 0.061291, 0.99271, 0.103769, 0.05, -0.249373, -0.085437, 0.964631, 0.0, 0.0, 0.0, 0.0, 1.0],
                [0.966074, -0.103404, 0.236661, 0.0, 0.086343, 0.992936, 0.08138, 0.05, -0.243404, -0.058185, 0.968178, -0.0, 0.0, 0.0, 0.0, 1.0],
                [0.971487, -0.107337, 0.211404, -0.0, 0.097592, 0.993647, 0.056035, 0.05, -0.216076, -0.033806, 0.975791, -0.0, 0.0, 0.0, 0.0, 1.0]
            ]
        },
        {
            "name": "Chest",
            "time": [0.0, 0.0333, 0.0667, 0.1, 0.1333, 0.1667, 0.2, 0.2333, 0.2667, 0.3, 0.3333, 0.3667, 0.4, 0.4333, 0.4667, 0.5, 0.5333, 0.5667, 0.6, 0.6667, 0.7, 0.7333, 0.7667, 0.8, 0.8333, 0.8667, 0.9, 0.9333, 0.9667, 1.0],
            "transform": [
                [0.791847, -0.310409, -0.525952, 0.0, 0.413759, 0.906106, 0.088163, 0.3, 0.449203, -0.287428, 0.845932, 0.0, 0.0, 0.0, 0.0, 1.0],
                [0.808699, -0.269791, -0.522705, -0.0, 0.322268, 0.946594, 0.010013, 0.3, 0.49209, -0.176548, 0.852454, -0.0, 0.0, 0.0, 0.0, 1.0],
                [0.943613, 0.179862, -0.277928, 0.0, -0.198299, 0.979345, -0.039474, 0.3, 0.265089, 0.092361, 0.95979, 0.0, 0.0, 0.0, 0.0, 1.0],
                [0.843715, 0.515618, -0.149281, -0.0, -0.533963, 0.834678, -0.13489, 0.3, 0.05505, 0.193519, 0.979551, -0.0, 0.0, 0.0, 0.0, 1.0],
                [0.774187, 0.62189, -0.117843, -0.0, -0.621, 0.782298, 0.048659, 0.3, 0.12245, 0.035509, 0.991839, 0.0, 0.0, 0.0, 0.0, 1.0],
                [0.869043, 0.385978, -0.309493, 0.0, -0.060531, 0.703822, 0.707792, 0.3, 0.491021, -0.596366, 0.635016, -0.0, 0.0, 0.0, 0.0, 1.0],
                [0.932208, 0.17834, -0.314935, -0.0, 0.135091, 0.635821, 0.759922, 0.3, 0.335767, -0.750949, 0.568626, -0.0, 0.0, 0.0, 0.0, 1.0],
                [0.997327, -0.050281, -0.053042, -0.0, 0.072592, 0.765752, 0.639024, 0.3, 0.008486, -0.641165, 0.767355, -0.0, 0.0, 0.0, 0.0, 1.0],
                [0.936305, -0.203759, 0.286034, -0.0, 0.14034, 0.963702, 0.227114, 0.3, -0.321929, -0.172505, 0.930915, -0.0, 0.0, 0.0, 0.0, 1.0],
                [0.901969, -0.181938, 0.3916, 0.0, 0.315004, 0.897534, -0.30855, 0.3, -0.295338, 0.401658, 0.86686, -0.0, 0.0, 0.0, 0.0, 1.0],
                [0.886843, -0.130256, 0.443333, 0.0, 0.167751, 0.984743, -0.04624, 0.3, -0.430547, 0.115377, 0.895163, 0.0, 0.0, 0.0, 0.0, 1.0],
                [0.814007, -0.056366, 0.578115, -0.0, -0.143459, 0.944938, 0.294126, 0.3, -0.562863, -0.322356, 0.761099, 0.0, 0.0, 0.0, 0.0, 1.0],
                [0.80442, -0.069344, 0.590001, -0.0, -0.199381, 0.904041, 0.378094, 0.3, -0.559605, -0.421781, 0.713403, -0.0, 0.0, 0.0, 0.0, 1.0],
                [0.800391, -0.085292, 0.59338, -0.0, -0.232375, 0.868295, 0.438252, 0.3, -0.552609, -0.488659, 0.675156, 0.0, 0.0, 0.0, 0.0, 1.0],
                [0.808889, -0.095182, 0.580207, -0.0, -0.246387, 0.841112, 0.48148, 0.3, -0.533848, -0.532418, 0.656914, 0.0, 0.0, 0.0, 0.0, 1.0],
                [0.8376, -0.089062, 0.538976, 0.0, -0.244686, 0.820952, 0.515911, 0.3, -0.488423, -0.564006, 0.665838, 0.0, 0.0, 0.0, 0.0, 1.0],
                [0.891287, -0.057305, 0.449807, -0.0, -0.223512, 0.807574, 0.54577, 0.3, -0.394529, -0.586973, 0.706971, -0.0, 0.0, 0.0, 0.0, 1.0],
                [0.984394, 0.049455, 0.168894, -0.0, -0.13753, 0.814966, 0.562952, 0.3, -0.109802, -0.577393, 0.809049, -0.0, 0.0, 0.0, 0.0, 1.0],
                [0.955056, 0.180875, -0.234849, -0.0, -0.037385, 0.85943, 0.509882, 0.3, 0.294062, -0.478185, 0.827566, -0.0, 0.0, 0.0, 0.0, 1.0],
                [0.90996, 0.266855, -0.317429, 0.0, -0.174097, 0.940555, 0.291626, 0.3, 0.376382, -0.210104, 0.902326, 0.0, 0.0, 0.0, 0.0, 1.0],
                [0.96482, 0.261883, -0.02326, -0.0, -0.260194, 0.963784, 0.058467, 0.3, 0.037729, -0.050358, 0.998018, 0.0, 0.0, 0.0, 0.0, 1.0],
                [0.947746, 0.201232, 0.247558, -0.0, -0.175848, 0.976961, -0.120929, 0.3, -0.266189, 0.071078, 0.961296, -0.0, 0.0, 0.0, 0.0, 1.0],
                [0.898864, -0.010601, 0.4381, 0.0, 0.042262, 0.997144, -0.062582, 0.3, -0.436186, 0.074767, 0.896745, 0.0, 0.0, 0.0, 0.0, 1.0],
                [0.828488, -0.188212, 0.527433, 0.0, 0.159132, 0.982128, 0.100505, 0.3, -0.536924, 0.000664, 0.84363, -0.0, 0.0, 0.0, 0.0, 1.0],
                [0.831745, -0.169171, 0.528756, -0.0, 0.106399, 0.983359, 0.14725, 0.3, -0.544868, -0.066215, 0.835903, 0.0, 0.0, 0.0, 0.0, 1.0],
                [0.856618, -0.089342, 0.508157, 0.0, 0.009088, 0.987353, 0.158273, 0.3, -0.515872, -0.130961, 0.846596, 0.0, 0.0, 0.0, 0.0, 1.0],
                [0.876121, 0.010105, 0.481985, 0.0, -0.098263, 0.982535, 0.158016, 0.3, -0.47197, -0.185802, 0.861813, 0.0, 0.0, 0.0, 0.0, 1.0],
                [0.882576, 0.089883, 0.461501, 0.0, -0.183791, 0.96941, 0.162676, 0.3, -0.432763, -0.228393, 0.872097, 0.0, 0.0, 0.0, 0.0, 1.0],
                [0.88316, 0.141609, 0.447186, 0.0, -0.244388, 0.952638, 0.180981, 0.3, -0.400378, -0.269122, 0.87594, -0.0, 0.0, 0.0, 0.0, 1.0],
                [0.881877, 0.188098, 0.432334, -0.0, -0.299528, 0.931663, 0.205634, 0.3, -0.364111, -0.31084, 0.877953, -0.0, 0.0, 0.0, 0.0, 1.0]
            ]
        },
        {
            "name": "Head",
            "time": [0.0, 0.0333, 0.0667, 0.1, 0.1333, 0.1667, 0.2, 0.2333, 0.2667, 0.3, 0.3333, 0.3667, 0.4, 0.4333, 0.4667, 0.5, 0.5333, 0.5667, 0.6, 0.6667, 0.7, 0.7333, 0.7667, 0.8, 0.8333, 0.8667, 0.9, 0.9333, 0.9667, 1.0],
            "transform": [
                [-0.205566, 0.46397, 0.861708, -0.0, 0.197521, 0.882012, -0.427831, 0.4, -0.958461, 0.082256, -0.272983, -0.0, 0.0, 0.0, 0.0, 1.0],
                [0.13195, 0.166533, 0.977166, 0.0, 0.193348, 0.962527, -0.190147, 0.4, -0.972217, 0.214023, 0.094807, 0.0, 0.0, 0.0, 0.0, 1.0],
                [0.473008, -0.206479, 0.856522, -0.0, 0.081625, 0.97824, 0.190745, 0.4, -0.877267, -0.020311, 0.47957, 0.0, 0.0, 0.0, 0.0, 1.0],
                [0.693133, -0.399618, 0.599892, 0.0, 0.166824, 0.898589, 0.405841, 0.4, -0.701236, -0.181226, 0.68951, 0.0, 0.0, 0.0, 0.0, 1.0],
                [0.739402, -0.460792, 0.490869, -0.0, 0.311472, 0.880495, 0.35737, 0.4, -0.596879, -0.111348, 0.794567, 0.0, 0.0, 0.0, 0.0, 1.0],
                [0.692441, -0.211036, 0.689919, 0.0, 0.385625, 0.916464, -0.106702, 0.4, -0.609767, 0.339935, 0.71598, 0.0, 0.0, 0.0, 0.0, 1.0],
                [0.854072, -0.052883, 0.517457, 0.0, 0.30682, 0.854535, -0.419082, 0.4, -0.420023, 0.516692, 0.746063, 0.0, 0.0, 0.0, 0.0, 1.0],
                [0.975055, -0.20435, 0.086631, 0.0, 0.217624, 0.803482, -0.554125, 0.4, 0.043628, 0.559154, 0.827916, -0.0, 0.0, 0.0, 0.0, 1.0],
                [0.881863, -0.305457, -0.359182, -0.0, 0.101543, 0.866939, -0.48796, 0.4, 0.460439, 0.393841, 0.795541, 0.0, 0.0, 0.0, 0.0, 1.0],
                [0.81319, -0.010623, -0.5819, -0.0, -0.168657, 0.952628, -0.253086, 0.4, 0.557022, 0.303949, 0.772879, 0.0, 0.0, 0.0, 0.0, 1.0],
                [0.723484, -0.137602, -0.676487, 0.0, -0.199595, 0.896386, -0.395793, 0.4, 0.660855, 0.421373, 0.621059, -0.0, 0.0, 0.0, 0.0, 1.0],
                [0.336673, -0.321959, -0.884869, -0.0, -0.154561, 0.908086, -0.389215, 0.4, 0.928849, 0.267805, 0.255966, -0.0, 0.0, 0.0, 0.0, 1.0],
                [0.292208, -0.296348, -0.909281, -0.0, -0.233469, 0.899905, -0.368321, 0.4, 0.927419, 0.319916, 0.193772, 0.0, 0.0, 0.0, 0.0, 1.0],
                [0.287939, -0.275916, -0.91704, 0.0, -0.306102, 0.88084, -0.361138, 0.4, 0.907408, 0.384694, 0.16917, 0.0, 0.0, 0.0, 0.0, 1.0],
                [0.329907, -0.250823, -0.910082, 0.0, -0.35514, 0.860256, -0.365831, 0.4, 0.874663, 0.443896, 0.194728, -0.0, 0.0, 0.0, 0.0, 1.0],
                [0.418623, -0.208168, -0.88398, -0.0, -0.364817, 0.852836, -0.373599, 0.4, 0.831663, 0.478887, 0.281074, -0.0, 0.0, 0.0, 0.0, 1.0],
                [0.554716, -0.135376, -0.820952, 0.0, -0.32741, 0.871557, -0.364951, 0.4, 0.764913, 0.471232, 0.439144, -0.0, 0.0, 0.0, 0.0, 1.0],
                [0.826058, -0.054923, -0.5609, -0.0, -0.125858, 0.952128, -0.278588, 0.4, 0.549349, 0.300724, 0.779603, 0.0, 0.0, 0.0, 0.0, 1.0],
                [0.972714, -0.219871, -0.074035, -0.0, 0.218091, 0.975421, -0.031421, 0.4, 0.079124, 0.014417, 0.996762, -0.0, 0.0, 0.0, 0.0, 1.0],
                [0.929826, -0.348104, 0.119341, -0.0, 0.289064, 0.891613, 0.348522, 0.4, -0.227727, -0.289568, 0.929673, 0.0, 0.0, 0.0, 0.0, 1.0],
                [0.994039, -0.051997, -0.09581, -0.0, 0.085023, 0.919864, 0.382909, 0.4, 0.068222, -0.388772, 0.918805, -0.0, 0.0, 0.0, 0.0, 1.0],
                [0.937168, 0.198295, -0.287039, 0.0, -0.101142, 0.941854, 0.320437, 0.4, 0.333889, -0.271272, 0.902735, 0.0, 0.0, 0.0, 0.0, 1.0],
                [0.880991, 0.250352, -0.401466, 0.0, -0.208002, 0.967078, 0.146615, 0.4, 0.424953, -0.045661, 0.904063, -0.0, 0.0, 0.0, 0.0, 1.0],
                [0.854993, 0.215486, -0.471753, -0.0, -0.239659, 0.970813, 0.009094, 0.4, 0.459943, 0.105285, 0.881685, 0.0, 0.0, 0.0, 0.0, 1.0],
                [0.828986, 0.211776, -0.51762, -0.0, -0.263358, 0.964312, -0.027244, 0.4, 0.493377, 0.158905, 0.855178, 0.0, 0.0, 0.0, 0.0, 1.0],
                [0.786288, 0.199105, -0.5849, -0.0, -0.265506, 0.963676, -0.02888, 0.4, 0.557903, 0.178002, 0.810592, -0.0, 0.0, 0.0, 0.0, 1.0],
